category,seed,shift_pct,shape,method,onset_index,treated_n,control_n,threshold,new_at_onset,new_by_second_active_month,new_by_third_active_month,new_any_after_onset,new_later_without_onset,median_delay_if_new,original_any_treated,changed_any_treated,original_any_control,changed_any_control,new_any_control
Все категории,20261001,-20,step,spike,0,504,1512,0.1596222269827134,0.8690476190476191,0.9265873015873016,0.9424603174603174,0.9623015873015873,0.09325396825396826,0.0,0.04563492063492063,0.9623015873015873,0.041005291005291,0.05092592592592592,0.021825396825396824
Все категории,20261001,-20,step,rolling_3m,0,504,1512,0.1251301852774416,0.027777777777777776,0.6805555555555556,0.9603174603174603,0.9742063492063492,0.9464285714285714,1.0,0.051587301587301584,0.9742063492063492,0.04431216931216931,0.056216931216931214,0.031084656084656083
Все категории,20261001,-20,step,ewma,0,504,1512,0.08985336418758544,0.5912698412698413,0.9305555555555556,0.9742063492063492,0.9801587301587301,0.3888888888888889,0.0,0.11706349206349206,0.9861111111111112,0.11574074074074074,0.13227513227513227,0.07275132275132275
Все категории,20261001,-20,step,cusum,0,504,1512,0.20154228530071994,0.43452380952380953,0.9523809523809523,0.9523809523809523,0.9543650793650794,0.5198412698412699,1.0,0.251984126984127,0.998015873015873,0.2447089947089947,0.2791005291005291,0.16071428571428573
Все категории,20261001,-20,pulse,spike,0,504,1512,0.1596222269827134,0.8690476190476191,0.8690476190476191,0.8690476190476191,0.8690476190476191,0.0,0.0,0.04563492063492063,0.8869047619047619,0.041005291005291,0.04298941798941799,0.0026455026455026454
Все категории,20261001,-20,pulse,rolling_3m,0,504,1512,0.1251301852774416,0.027777777777777776,0.05357142857142857,0.08134920634920635,0.08134920634920635,0.05357142857142857,1.0,0.051587301587301584,0.11507936507936507,0.04431216931216931,0.04365079365079365,0.0033068783068783067
Все категории,20261001,-20,pulse,ewma,0,504,1512,0.08985336418758544,0.5912698412698413,0.5932539682539683,0.5932539682539683,0.5972222222222222,0.005952380952380952,0.0,0.11706349206349206,0.6547619047619048,0.11574074074074074,0.1164021164021164,0.008597883597883597
Все категории,20261001,-20,pulse,cusum,0,504,1512,0.20154228530071994,0.43452380952380953,0.4523809523809524,0.47023809523809523,0.498015873015873,0.06349206349206349,0.0,0.251984126984127,0.6150793650793651,0.2447089947089947,0.25,0.05092592592592592
Все категории,20261001,-20,ramp,spike,1,504,1512,0.1596222269827134,0.005952380952380952,0.03373015873015873,0.2400793650793651,0.8234126984126984,0.8174603174603174,3.0,0.04563492063492063,0.8293650793650794,0.041005291005291,0.0496031746031746,0.018518518518518517
Все категории,20261001,-20,ramp,rolling_3m,1,504,1512,0.1251301852774416,0.001984126984126984,0.013888888888888888,0.10714285714285714,0.7361111111111112,0.7341269841269841,3.0,0.051587301587301584,0.7400793650793651,0.04431216931216931,0.052248677248677246,0.023809523809523808
Все категории,20261001,-20,ramp,ewma,1,504,1512,0.08985336418758544,0.011904761904761904,0.07936507936507936,0.4166666666666667,0.8829365079365079,0.871031746031746,3.0,0.11706349206349206,0.8948412698412699,0.11574074074074074,0.13161375661375663,0.06481481481481481
Все категории,20261001,-20,ramp,cusum,1,504,1512,0.20154228530071994,0.011904761904761904,0.08333333333333333,0.38293650793650796,0.8313492063492064,0.8194444444444444,3.0,0.251984126984127,0.9146825396825397,0.2447089947089947,0.26587301587301587,0.1078042328042328
Все категории,20261001,20,step,spike,0,504,1512,0.1596222269827134,0.5138888888888888,0.623015873015873,0.6765873015873016,0.7301587301587301,0.21626984126984128,0.0,0.04563492063492063,0.7301587301587301,0.041005291005291,0.04298941798941799,0.013888888888888888
Все категории,20261001,20,step,rolling_3m,0,504,1512,0.1251301852774416,0.02976190476190476,0.3194444444444444,0.8630952380952381,0.8968253968253969,0.8670634920634921,2.0,0.051587301587301584,0.8988095238095238,0.04431216931216931,0.03835978835978836,0.015873015873015872
Все категории,20261001,20,step,ewma,0,504,1512,0.08985336418758544,0.2837301587301587,0.7579365079365079,0.9146825396825397,0.9642857142857143,0.6805555555555556,1.0,0.11706349206349206,0.9662698412698413,0.11574074074074074,0.11574074074074074,0.046296296296296294
Все категории,20261001,20,step,cusum,0,504,1512,0.20154228530071994,0.18055555555555555,0.8630952380952381,0.9503968253968254,0.9503968253968254,0.7698412698412699,1.0,0.251984126984127,0.9900793650793651,0.2447089947089947,0.29828042328042326,0.16335978835978837
Все категории,20261001,20,pulse,spike,0,504,1512,0.1596222269827134,0.5138888888888888,0.5138888888888888,0.5138888888888888,0.5138888888888888,0.0,0.0,0.04563492063492063,0.5337301587301587,0.041005291005291,0.041666666666666664,0.001984126984126984
Все категории,20261001,20,pulse,rolling_3m,0,504,1512,0.1251301852774416,0.02976190476190476,0.051587301587301584,0.07341269841269842,0.07341269841269842,0.04365079365079365,1.0,0.051587301587301584,0.10515873015873016,0.04431216931216931,0.04365079365079365,0.001984126984126984
Все категории,20261001,20,pulse,ewma,0,504,1512,0.08985336418758544,0.2837301587301587,0.2857142857142857,0.2857142857142857,0.2896825396825397,0.005952380952380952,0.0,0.11706349206349206,0.3333333333333333,0.11574074074074074,0.11574074074074074,0.004629629629629629
Все категории,20261001,20,pulse,cusum,0,504,1512,0.20154228530071994,0.18055555555555555,0.23015873015873015,0.25793650793650796,0.32142857142857145,0.14087301587301587,0.0,0.251984126984127,0.4007936507936508,0.2447089947089947,0.2533068783068783,0.03902116402116402
Все категории,20261001,20,ramp,spike,1,504,1512,0.1596222269827134,0.003968253968253968,0.04563492063492063,0.16468253968253968,0.5238095238095238,0.5198412698412699,3.0,0.04563492063492063,0.5277777777777778,0.041005291005291,0.042328042328042326,0.011243386243386243
Все категории,20261001,20,ramp,rolling_3m,1,504,1512,0.1251301852774416,0.001984126984126984,0.025793650793650792,0.1388888888888889,0.5158730158730159,0.5138888888888888,3.0,0.051587301587301584,0.5178571428571429,0.04431216931216931,0.03902116402116402,0.013227513227513227
Все категории,20261001,20,ramp,ewma,1,504,1512,0.08985336418758544,0.017857142857142856,0.10119047619047619,0.25793650793650796,0.7658730158730159,0.748015873015873,3.0,0.11706349206349206,0.7876984126984127,0.11574074074074074,0.11574074074074074,0.037037037037037035
Все категории,20261001,20,ramp,cusum,1,504,1512,0.20154228530071994,0.023809523809523808,0.09325396825396826,0.2757936507936508,0.7559523809523809,0.7321428571428571,3.0,0.251984126984127,0.8174603174603174,0.2447089947089947,0.27976190476190477,0.11574074074074074
Все категории,20261002,-20,step,spike,0,504,1512,0.1596222269827134,0.8650793650793651,0.9186507936507936,0.9305555555555556,0.9623015873015873,0.09722222222222222,0.0,0.04563492063492063,0.9623015873015873,0.041005291005291,0.047619047619047616,0.01984126984126984
Все категории,20261002,-20,step,rolling_3m,0,504,1512,0.1251301852774416,0.025793650793650792,0.6547619047619048,0.9424603174603174,0.9682539682539683,0.9424603174603174,1.0,0.051587301587301584,0.9682539682539683,0.04431216931216931,0.057539682539682536,0.032407407407407406
Все категории,20261002,-20,step,ewma,0,504,1512,0.08985336418758544,0.6011904761904762,0.9206349206349206,0.9603174603174603,0.9821428571428571,0.38095238095238093,0.0,0.11706349206349206,0.9900793650793651,0.11574074074074074,0.13425925925925927,0.0787037037037037
Все категории,20261002,-20,step,cusum,0,504,1512,0.20154228530071994,0.42857142857142855,0.9345238095238095,0.9404761904761905,0.9424603174603174,0.5138888888888888,1.0,0.2400793650793651,0.996031746031746,0.24867724867724866,0.2824074074074074,0.164021164021164
Все категории,20261002,-20,pulse,spike,0,504,1512,0.1596222269827134,0.8650793650793651,0.8650793650793651,0.8650793650793651,0.8650793650793651,0.0,0.0,0.04563492063492063,0.8888888888888888,0.041005291005291,0.04298941798941799,0.0033068783068783067
Все категории,20261002,-20,pulse,rolling_3m,0,504,1512,0.1251301852774416,0.025793650793650792,0.051587301587301584,0.08134920634920635,0.08134920634920635,0.05555555555555555,1.0,0.051587301587301584,0.11904761904761904,0.04431216931216931,0.04431216931216931,0.0033068783068783067
Все категории,20261002,-20,pulse,ewma,0,504,1512,0.08985336418758544,0.6011904761904762,0.6031746031746031,0.6051587301587301,0.6071428571428571,0.005952380952380952,0.0,0.11706349206349206,0.6646825396825397,0.11574074074074074,0.11574074074074074,0.007936507936507936
Все категории,20261002,-20,pulse,cusum,0,504,1512,0.20154228530071994,0.42857142857142855,0.43452380952380953,0.44841269841269843,0.4742063492063492,0.04563492063492063,0.0,0.2400793650793651,0.5932539682539683,0.24867724867724866,0.25132275132275134,0.04828042328042328
Все категории,20261002,-20,ramp,spike,1,504,1512,0.1596222269827134,0.005952380952380952,0.037698412698412696,0.2123015873015873,0.8115079365079365,0.8055555555555556,3.0,0.04563492063492063,0.8174603174603174,0.041005291005291,0.046296296296296294,0.01521164021164021
Все категории,20261002,-20,ramp,rolling_3m,1,504,1512,0.1251301852774416,0.0,0.011904761904761904,0.09523809523809523,0.7162698412698413,0.7162698412698413,3.0,0.051587301587301584,0.7222222222222222,0.04431216931216931,0.05423280423280423,0.02513227513227513
Все категории,20261002,-20,ramp,ewma,1,504,1512,0.08985336418758544,0.00992063492063492,0.06746031746031746,0.3611111111111111,0.8829365079365079,0.873015873015873,3.0,0.11706349206349206,0.8928571428571429,0.11574074074074074,0.12764550264550265,0.0667989417989418
Все категории,20261002,-20,ramp,cusum,1,504,1512,0.20154228530071994,0.011904761904761904,0.08333333333333333,0.3472222222222222,0.8412698412698413,0.8293650793650794,3.0,0.2400793650793651,0.9226190476190477,0.24867724867724866,0.26521164021164023,0.10978835978835978
Все категории,20261002,20,step,spike,0,504,1512,0.1596222269827134,0.503968253968254,0.626984126984127,0.6706349206349206,0.746031746031746,0.24206349206349206,0.0,0.04563492063492063,0.748015873015873,0.041005291005291,0.04298941798941799,0.013227513227513227
Все категории,20261002,20,step,rolling_3m,0,504,1512,0.1251301852774416,0.025793650793650792,0.3392857142857143,0.8591269841269841,0.8968253968253969,0.871031746031746,2.0,0.051587301587301584,0.9007936507936508,0.04431216931216931,0.041005291005291,0.015873015873015872
Все категории,20261002,20,step,ewma,0,504,1512,0.08985336418758544,0.26587301587301587,0.7559523809523809,0.9186507936507936,0.9702380952380952,0.7043650793650794,1.0,0.11706349206349206,0.9761904761904762,0.11574074074074074,0.11904761904761904,0.0496031746031746
Все категории,20261002,20,step,cusum,0,504,1512,0.20154228530071994,0.1765873015873016,0.8472222222222222,0.9484126984126984,0.9523809523809523,0.7757936507936508,1.0,0.2400793650793651,0.996031746031746,0.24867724867724866,0.2916666666666667,0.15079365079365079
Все категории,20261002,20,pulse,spike,0,504,1512,0.1596222269827134,0.503968253968254,0.503968253968254,0.503968253968254,0.503968253968254,0.0,0.0,0.04563492063492063,0.5257936507936508,0.041005291005291,0.041666666666666664,0.0006613756613756613
Все категории,20261002,20,pulse,rolling_3m,0,504,1512,0.1251301852774416,0.025793650793650792,0.05555555555555555,0.07539682539682539,0.07539682539682539,0.0496031746031746,1.0,0.051587301587301584,0.10515873015873016,0.04431216931216931,0.04431216931216931,0.0013227513227513227
Все категории,20261002,20,pulse,ewma,0,504,1512,0.08985336418758544,0.26587301587301587,0.2718253968253968,0.2718253968253968,0.2777777777777778,0.011904761904761904,0.0,0.11706349206349206,0.31746031746031744,0.11574074074074074,0.1164021164021164,0.004629629629629629
Все категории,20261002,20,pulse,cusum,0,504,1512,0.20154228530071994,0.1765873015873016,0.22817460317460317,0.25793650793650796,0.3253968253968254,0.1488095238095238,0.0,0.2400793650793651,0.40476190476190477,0.24867724867724866,0.25462962962962965,0.037698412698412696
Все категории,20261002,20,ramp,spike,1,504,1512,0.1596222269827134,0.007936507936507936,0.05952380952380952,0.1746031746031746,0.5357142857142857,0.5277777777777778,3.0,0.04563492063492063,0.5476190476190477,0.041005291005291,0.041005291005291,0.011243386243386243
Все категории,20261002,20,ramp,rolling_3m,1,504,1512,0.1251301852774416,0.0,0.027777777777777776,0.1349206349206349,0.5317460317460317,0.5317460317460317,3.0,0.051587301587301584,0.5416666666666666,0.04431216931216931,0.04034391534391534,0.011243386243386243
Все категории,20261002,20,ramp,ewma,1,504,1512,0.08985336418758544,0.025793650793650792,0.09325396825396826,0.26785714285714285,0.7797619047619048,0.753968253968254,3.0,0.11706349206349206,0.8075396825396826,0.11574074074074074,0.11441798941798942,0.036375661375661374
Все категории,20261002,20,ramp,cusum,1,504,1512,0.20154228530071994,0.017857142857142856,0.08928571428571429,0.26785714285714285,0.7757936507936508,0.7579365079365079,3.0,0.2400793650793651,0.8392857142857143,0.24867724867724866,0.27843915343915343,0.10582010582010581
Все категории,20261003,-20,step,spike,0,504,1512,0.1596222269827134,0.8829365079365079,0.9424603174603174,0.9523809523809523,0.9662698412698413,0.08333333333333333,0.0,0.021825396825396824,0.9662698412698413,0.04894179894179894,0.0582010582010582,0.02513227513227513
Все категории,20261003,-20,step,rolling_3m,0,504,1512,0.1251301852774416,0.017857142857142856,0.7003968253968254,0.9682539682539683,0.9801587301587301,0.9623015873015873,1.0,0.025793650793650792,0.9801587301587301,0.05291005291005291,0.06812169312169312,0.03835978835978836
Все категории,20261003,-20,step,ewma,0,504,1512,0.08985336418758544,0.623015873015873,0.9424603174603174,0.9821428571428571,0.9880952380952381,0.36507936507936506,0.0,0.08531746031746032,0.9920634920634921,0.12632275132275134,0.14417989417989419,0.08002645502645503
Все категории,20261003,-20,step,cusum,0,504,1512,0.20154228530071994,0.4503968253968254,0.9662698412698413,0.9682539682539683,0.9702380952380952,0.5198412698412699,1.0,0.20238095238095238,0.998015873015873,0.2612433862433862,0.2896825396825397,0.16335978835978837
Все категории,20261003,-20,pulse,spike,0,504,1512,0.1596222269827134,0.8829365079365079,0.8829365079365079,0.8829365079365079,0.8829365079365079,0.0,0.0,0.021825396825396824,0.8988095238095238,0.04894179894179894,0.05092592592592592,0.004629629629629629
Все категории,20261003,-20,pulse,rolling_3m,0,504,1512,0.1251301852774416,0.017857142857142856,0.037698412698412696,0.05555555555555555,0.05555555555555555,0.037698412698412696,1.0,0.025793650793650792,0.07341269841269842,0.05291005291005291,0.05357142857142857,0.0033068783068783067
Все категории,20261003,-20,pulse,ewma,0,504,1512,0.08985336418758544,0.623015873015873,0.623015873015873,0.623015873015873,0.626984126984127,0.003968253968253968,0.0,0.08531746031746032,0.6666666666666666,0.12632275132275134,0.12632275132275134,0.00992063492063492
Все категории,20261003,-20,pulse,cusum,0,504,1512,0.20154228530071994,0.4503968253968254,0.47619047619047616,0.49206349206349204,0.5277777777777778,0.07738095238095238,0.0,0.20238095238095238,0.6190476190476191,0.2612433862433862,0.26851851851851855,0.056878306878306875
Все категории,20261003,-20,ramp,spike,1,504,1512,0.1596222269827134,0.001984126984126984,0.031746031746031744,0.24404761904761904,0.8373015873015873,0.8353174603174603,3.0,0.021825396825396824,0.8432539682539683,0.04894179894179894,0.057539682539682536,0.021164021164021163
Все категории,20261003,-20,ramp,rolling_3m,1,504,1512,0.1251301852774416,0.0,0.00992063492063492,0.10317460317460317,0.75,0.75,3.0,0.025793650793650792,0.751984126984127,0.05291005291005291,0.06415343915343916,0.02976190476190476
Все категории,20261003,-20,ramp,ewma,1,504,1512,0.08985336418758544,0.005952380952380952,0.05952380952380952,0.4226190476190476,0.9107142857142857,0.9047619047619048,3.0,0.08531746031746032,0.9226190476190477,0.12632275132275134,0.1421957671957672,0.06878306878306878
Все категории,20261003,-20,ramp,cusum,1,504,1512,0.20154228530071994,0.001984126984126984,0.06547619047619048,0.3968253968253968,0.873015873015873,0.871031746031746,3.0,0.20238095238095238,0.9325396825396826,0.2612433862433862,0.2810846560846561,0.10978835978835978
Все категории,20261003,20,step,spike,0,504,1512,0.1596222269827134,0.4603174603174603,0.5833333333333334,0.626984126984127,0.7063492063492064,0.24603174603174602,0.0,0.021825396825396824,0.7063492063492064,0.04894179894179894,0.047619047619047616,0.013227513227513227
Все категории,20261003,20,step,rolling_3m,0,504,1512,0.1251301852774416,0.027777777777777776,0.2996031746031746,0.8611111111111112,0.8988095238095238,0.871031746031746,2.0,0.025793650793650792,0.8988095238095238,0.05291005291005291,0.042328042328042326,0.01521164021164021
Все категории,20261003,20,step,ewma,0,504,1512,0.08985336418758544,0.23412698412698413,0.7361111111111112,0.9325396825396826,0.9742063492063492,0.7400793650793651,1.0,0.08531746031746032,0.9761904761904762,0.12632275132275134,0.13161375661375663,0.05489417989417989
Все категории,20261003,20,step,cusum,0,504,1512,0.20154228530071994,0.14484126984126985,0.8571428571428571,0.9603174603174603,0.9603174603174603,0.8154761904761905,1.0,0.20238095238095238,0.996031746031746,0.2612433862433862,0.30357142857142855,0.15873015873015872
Все категории,20261003,20,pulse,spike,0,504,1512,0.1596222269827134,0.4603174603174603,0.4603174603174603,0.4603174603174603,0.4603174603174603,0.0,0.0,0.021825396825396824,0.4662698412698413,0.04894179894179894,0.0496031746031746,0.001984126984126984
Все категории,20261003,20,pulse,rolling_3m,0,504,1512,0.1251301852774416,0.027777777777777776,0.051587301587301584,0.06944444444444445,0.06944444444444445,0.041666666666666664,1.0,0.025793650793650792,0.07936507936507936,0.05291005291005291,0.052248677248677246,0.0013227513227513227
Все категории,20261003,20,pulse,ewma,0,504,1512,0.08985336418758544,0.23412698412698413,0.24206349206349206,0.24404761904761904,0.24801587301587302,0.013888888888888888,0.0,0.08531746031746032,0.2718253968253968,0.12632275132275134,0.12764550264550265,0.003968253968253968
Все категории,20261003,20,pulse,cusum,0,504,1512,0.20154228530071994,0.14484126984126985,0.1884920634920635,0.22420634920634921,0.2757936507936508,0.13095238095238096,0.0,0.20238095238095238,0.3472222222222222,0.2612433862433862,0.26521164021164023,0.03571428571428571
Все категории,20261003,20,ramp,spike,1,504,1512,0.1596222269827134,0.003968253968253968,0.041666666666666664,0.13293650793650794,0.503968253968254,0.5,3.0,0.021825396825396824,0.5059523809523809,0.04894179894179894,0.047619047619047616,0.011904761904761904
Все категории,20261003,20,ramp,rolling_3m,1,504,1512,0.1251301852774416,0.001984126984126984,0.013888888888888888,0.09523809523809523,0.49206349206349204,0.49007936507936506,3.0,0.025793650793650792,0.49404761904761907,0.05291005291005291,0.04298941798941799,0.010582010582010581
Все категории,20261003,20,ramp,ewma,1,504,1512,0.08985336418758544,0.011904761904761904,0.08333333333333333,0.24603174603174602,0.7579365079365079,0.746031746031746,3.0,0.08531746031746032,0.7698412698412699,0.12632275132275134,0.12962962962962962,0.041005291005291
Все категории,20261003,20,ramp,cusum,1,504,1512,0.20154228530071994,0.011904761904761904,0.06547619047619048,0.24404761904761904,0.7380952380952381,0.7261904761904762,3.0,0.20238095238095238,0.7896825396825397,0.2612433862433862,0.2916666666666667,0.11375661375661375
Все категории,20261004,-20,step,spike,0,504,1512,0.1596222269827134,0.876984126984127,0.9365079365079365,0.9484126984126984,0.9642857142857143,0.0873015873015873,0.0,0.04365079365079365,0.9662698412698413,0.041666666666666664,0.052248677248677246,0.023148148148148147
Все категории,20261004,-20,step,rolling_3m,0,504,1512,0.1251301852774416,0.025793650793650792,0.6924603174603174,0.9623015873015873,0.9781746031746031,0.9523809523809523,1.0,0.041666666666666664,0.9801587301587301,0.047619047619047616,0.05952380952380952,0.031084656084656083
Все категории,20261004,-20,step,ewma,0,504,1512,0.08985336418758544,0.6150793650793651,0.9365079365079365,0.9742063492063492,0.9841269841269841,0.36904761904761907,0.0,0.10912698412698413,0.9880952380952381,0.11838624338624339,0.13227513227513227,0.07341269841269842
Все категории,20261004,-20,step,cusum,0,504,1512,0.20154228530071994,0.44246031746031744,0.9563492063492064,0.9603174603174603,0.9603174603174603,0.5178571428571429,1.0,0.2361111111111111,0.9940476190476191,0.25,0.2824074074074074,0.16071428571428573
Все категории,20261004,-20,pulse,spike,0,504,1512,0.1596222269827134,0.876984126984127,0.876984126984127,0.876984126984127,0.876984126984127,0.0,0.0,0.04365079365079365,0.8968253968253969,0.041666666666666664,0.04365079365079365,0.0026455026455026454
Все категории,20261004,-20,pulse,rolling_3m,0,504,1512,0.1251301852774416,0.025793650793650792,0.04563492063492063,0.07142857142857142,0.07142857142857142,0.04563492063492063,1.0,0.041666666666666664,0.10317460317460317,0.047619047619047616,0.047619047619047616,0.001984126984126984
Все категории,20261004,-20,pulse,ewma,0,504,1512,0.08985336418758544,0.6150793650793651,0.6150793650793651,0.6150793650793651,0.6170634920634921,0.001984126984126984,0.0,0.10912698412698413,0.6686507936507936,0.11838624338624339,0.11706349206349206,0.00992063492063492
Все категории,20261004,-20,pulse,cusum,0,504,1512,0.20154228530071994,0.44246031746031744,0.4603174603174603,0.47023809523809523,0.5,0.057539682539682536,0.0,0.2361111111111111,0.6051587301587301,0.25,0.25727513227513227,0.05291005291005291
Все категории,20261004,-20,ramp,spike,1,504,1512,0.1596222269827134,0.0,0.025793650793650792,0.23214285714285715,0.8134920634920635,0.8134920634920635,3.0,0.04365079365079365,0.8214285714285714,0.041666666666666664,0.051587301587301584,0.01984126984126984
Все категории,20261004,-20,ramp,rolling_3m,1,504,1512,0.1251301852774416,0.0,0.00992063492063492,0.10912698412698413,0.7301587301587301,0.7301587301587301,3.0,0.041666666666666664,0.7400793650793651,0.047619047619047616,0.056878306878306875,0.025793650793650792
Все категории,20261004,-20,ramp,ewma,1,504,1512,0.08985336418758544,0.007936507936507936,0.06547619047619048,0.38492063492063494,0.8869047619047619,0.878968253968254,3.0,0.10912698412698413,0.9027777777777778,0.11838624338624339,0.13293650793650794,0.06547619047619048
Все категории,20261004,-20,ramp,cusum,1,504,1512,0.20154228530071994,0.007936507936507936,0.07539682539682539,0.35119047619047616,0.8492063492063492,0.8412698412698413,3.0,0.2361111111111111,0.9206349206349206,0.25,0.2691798941798942,0.1111111111111111
Все категории,20261004,20,step,spike,0,504,1512,0.1596222269827134,0.5,0.625,0.6805555555555556,0.7341269841269841,0.23412698412698413,0.0,0.04365079365079365,0.7361111111111112,0.041666666666666664,0.042328042328042326,0.013888888888888888
Все категории,20261004,20,step,rolling_3m,0,504,1512,0.1251301852774416,0.01984126984126984,0.3055555555555556,0.8650793650793651,0.8888888888888888,0.8690476190476191,2.0,0.041666666666666664,0.8928571428571429,0.047619047619047616,0.03902116402116402,0.016534391534391533
Все категории,20261004,20,step,ewma,0,504,1512,0.08985336418758544,0.25595238095238093,0.746031746031746,0.9206349206349206,0.9662698412698413,0.7103174603174603,1.0,0.10912698412698413,0.9761904761904762,0.11838624338624339,0.12037037037037036,0.051587301587301584
Все категории,20261004,20,step,cusum,0,504,1512,0.20154228530071994,0.15873015873015872,0.8492063492063492,0.9543650793650794,0.9543650793650794,0.7956349206349206,1.0,0.2361111111111111,0.9920634920634921,0.25,0.30423280423280424,0.1712962962962963
Все категории,20261004,20,pulse,spike,0,504,1512,0.1596222269827134,0.5,0.5,0.5,0.5,0.0,0.0,0.04365079365079365,0.5158730158730159,0.041666666666666664,0.042328042328042326,0.0013227513227513227
Все категории,20261004,20,pulse,rolling_3m,0,504,1512,0.1251301852774416,0.01984126984126984,0.0496031746031746,0.07738095238095238,0.07738095238095238,0.057539682539682536,1.0,0.041666666666666664,0.10317460317460317,0.047619047619047616,0.046296296296296294,0.0006613756613756613
Все категории,20261004,20,pulse,ewma,0,504,1512,0.08985336418758544,0.25595238095238093,0.25595238095238093,0.25595238095238093,0.2619047619047619,0.005952380952380952,0.0,0.10912698412698413,0.3055555555555556,0.11838624338624339,0.11904761904761904,0.005291005291005291
Все категории,20261004,20,pulse,cusum,0,504,1512,0.20154228530071994,0.15873015873015872,0.2003968253968254,0.22817460317460317,0.30158730158730157,0.14285714285714285,0.0,0.2361111111111111,0.3869047619047619,0.25,0.2533068783068783,0.037698412698412696
Все категории,20261004,20,ramp,spike,1,504,1512,0.1596222269827134,0.003968253968253968,0.037698412698412696,0.1488095238095238,0.5119047619047619,0.5079365079365079,3.0,0.04365079365079365,0.5198412698412699,0.041666666666666664,0.042328042328042326,0.013227513227513227
Все категории,20261004,20,ramp,rolling_3m,1,504,1512,0.1251301852774416,0.001984126984126984,0.013888888888888888,0.10317460317460317,0.498015873015873,0.49603174603174605,3.0,0.041666666666666664,0.5079365079365079,0.047619047619047616,0.03902116402116402,0.011243386243386243
Все категории,20261004,20,ramp,ewma,1,504,1512,0.08985336418758544,0.015873015873015872,0.09126984126984126,0.26587301587301587,0.7599206349206349,0.7440476190476191,3.0,0.10912698412698413,0.7777777777777778,0.11838624338624339,0.11772486772486772,0.03835978835978836
Все категории,20261004,20,ramp,cusum,1,504,1512,0.20154228530071994,0.017857142857142856,0.08134920634920635,0.25396825396825395,0.7599206349206349,0.7420634920634921,3.0,0.2361111111111111,0.8174603174603174,0.25,0.28505291005291006,0.12301587301587301
Все категории,20261005,-20,step,spike,0,504,1512,0.1596222269827134,0.875,0.9206349206349206,0.9345238095238095,0.9563492063492064,0.08134920634920635,0.0,0.041666666666666664,0.9583333333333334,0.042328042328042326,0.05026455026455026,0.0205026455026455
Все категории,20261005,-20,step,rolling_3m,0,504,1512,0.1251301852774416,0.025793650793650792,0.6666666666666666,0.9543650793650794,0.9702380952380952,0.9444444444444444,1.0,0.04563492063492063,0.9722222222222222,0.046296296296296294,0.056878306878306875,0.031746031746031744
Все категории,20261005,-20,step,ewma,0,504,1512,0.08985336418758544,0.5932539682539683,0.9305555555555556,0.9603174603174603,0.9742063492063492,0.38095238095238093,0.0,0.11507936507936507,0.9861111111111112,0.1164021164021164,0.13690476190476192,0.08002645502645503
Все категории,20261005,-20,step,cusum,0,504,1512,0.20154228530071994,0.39285714285714285,0.9503968253968254,0.9523809523809523,0.9523809523809523,0.5595238095238095,1.0,0.2638888888888889,0.9940476190476191,0.24074074074074073,0.2804232804232804,0.16335978835978837
Все категории,20261005,-20,pulse,spike,0,504,1512,0.1596222269827134,0.875,0.875,0.875,0.875,0.0,0.0,0.041666666666666664,0.9047619047619048,0.042328042328042326,0.04365079365079365,0.0026455026455026454
Все категории,20261005,-20,pulse,rolling_3m,0,504,1512,0.1251301852774416,0.025793650793650792,0.051587301587301584,0.08333333333333333,0.08333333333333333,0.057539682539682536,1.0,0.04563492063492063,0.11706349206349206,0.046296296296296294,0.04563492063492063,0.001984126984126984
Все категории,20261005,-20,pulse,ewma,0,504,1512,0.08985336418758544,0.5932539682539683,0.5932539682539683,0.5952380952380952,0.5972222222222222,0.003968253968253968,0.0,0.11507936507936507,0.6547619047619048,0.1164021164021164,0.1164021164021164,0.009259259259259259
Все категории,20261005,-20,pulse,cusum,0,504,1512,0.20154228530071994,0.39285714285714285,0.4087301587301587,0.4365079365079365,0.4603174603174603,0.06746031746031746,0.0,0.2638888888888889,0.5694444444444444,0.24074074074074073,0.25,0.05291005291005291
Все категории,20261005,-20,ramp,spike,1,504,1512,0.1596222269827134,0.001984126984126984,0.041666666666666664,0.2400793650793651,0.8055555555555556,0.8035714285714286,3.0,0.041666666666666664,0.8154761904761905,0.042328042328042326,0.05026455026455026,0.018518518518518517
Все категории,20261005,-20,ramp,rolling_3m,1,504,1512,0.1251301852774416,0.003968253968253968,0.00992063492063492,0.11706349206349206,0.748015873015873,0.7440476190476191,3.0,0.04563492063492063,0.7579365079365079,0.046296296296296294,0.05555555555555555,0.026455026455026454
Все категории,20261005,-20,ramp,ewma,1,504,1512,0.08985336418758544,0.007936507936507936,0.08134920634920635,0.39880952380952384,0.876984126984127,0.8690476190476191,3.0,0.11507936507936507,0.8968253968253969,0.1164021164021164,0.13624338624338625,0.07076719576719577
Все категории,20261005,-20,ramp,cusum,1,504,1512,0.20154228530071994,0.005952380952380952,0.07738095238095238,0.36904761904761907,0.8154761904761905,0.8095238095238095,3.0,0.2638888888888889,0.9246031746031746,0.24074074074074073,0.2671957671957672,0.10714285714285714
Все категории,20261005,20,step,spike,0,504,1512,0.1596222269827134,0.49404761904761907,0.6150793650793651,0.6507936507936508,0.7182539682539683,0.22420634920634921,0.0,0.041666666666666664,0.7222222222222222,0.042328042328042326,0.04563492063492063,0.015873015873015872
Все категории,20261005,20,step,rolling_3m,0,504,1512,0.1251301852774416,0.025793650793650792,0.3273809523809524,0.8511904761904762,0.878968253968254,0.8531746031746031,2.0,0.04563492063492063,0.8829365079365079,0.046296296296296294,0.03835978835978836,0.01521164021164021
Все категории,20261005,20,step,ewma,0,504,1512,0.08985336418758544,0.2638888888888889,0.7579365079365079,0.9067460317460317,0.9543650793650794,0.6904761904761905,1.0,0.11507936507936507,0.9642857142857143,0.1164021164021164,0.11970899470899471,0.04894179894179894
Все категории,20261005,20,step,cusum,0,504,1512,0.20154228530071994,0.15079365079365079,0.8551587301587301,0.9464285714285714,0.9464285714285714,0.7956349206349206,1.0,0.2638888888888889,0.9920634920634921,0.24074074074074073,0.2996031746031746,0.16203703703703703
Все категории,20261005,20,pulse,spike,0,504,1512,0.1596222269827134,0.49404761904761907,0.49404761904761907,0.49404761904761907,0.49404761904761907,0.0,0.0,0.041666666666666664,0.5099206349206349,0.042328042328042326,0.042328042328042326,0.0013227513227513227
Все категории,20261005,20,pulse,rolling_3m,0,504,1512,0.1251301852774416,0.025793650793650792,0.05357142857142857,0.07738095238095238,0.07738095238095238,0.051587301587301584,1.0,0.04563492063492063,0.10515873015873016,0.046296296296296294,0.04563492063492063,0.001984126984126984
Все категории,20261005,20,pulse,ewma,0,504,1512,0.08985336418758544,0.2638888888888889,0.26785714285714285,0.2698412698412698,0.2718253968253968,0.007936507936507936,0.0,0.11507936507936507,0.3194444444444444,0.1164021164021164,0.11706349206349206,0.005952380952380952
Все категории,20261005,20,pulse,cusum,0,504,1512,0.20154228530071994,0.15079365079365079,0.21626984126984128,0.25,0.3253968253968254,0.1746031746031746,1.0,0.2638888888888889,0.4107142857142857,0.24074074074074073,0.24867724867724866,0.037037037037037035
Все категории,20261005,20,ramp,spike,1,504,1512,0.1596222269827134,0.005952380952380952,0.05357142857142857,0.16071428571428573,0.5416666666666666,0.5357142857142857,3.0,0.041666666666666664,0.5476190476190477,0.042328042328042326,0.046296296296296294,0.01455026455026455
Все категории,20261005,20,ramp,rolling_3m,1,504,1512,0.1251301852774416,0.003968253968253968,0.021825396825396824,0.11904761904761904,0.5079365079365079,0.503968253968254,3.0,0.04563492063492063,0.5238095238095238,0.046296296296296294,0.03902116402116402,0.012566137566137565
Все категории,20261005,20,ramp,ewma,1,504,1512,0.08985336418758544,0.007936507936507936,0.07341269841269842,0.25595238095238093,0.7638888888888888,0.7559523809523809,3.0,0.11507936507936507,0.7996031746031746,0.1164021164021164,0.11970899470899471,0.04034391534391534
Все категории,20261005,20,ramp,cusum,1,504,1512,0.20154228530071994,0.013888888888888888,0.10119047619047619,0.2857142857142857,0.753968253968254,0.7400793650793651,3.0,0.2638888888888889,0.8174603174603174,0.24074074074074073,0.2791005291005291,0.1111111111111111
Все категории,20261006,-20,step,spike,0,504,1512,0.1596222269827134,0.876984126984127,0.9206349206349206,0.9365079365079365,0.9603174603174603,0.08333333333333333,0.0,0.03571428571428571,0.9603174603174603,0.04431216931216931,0.052248677248677246,0.021164021164021163
Все категории,20261006,-20,step,rolling_3m,0,504,1512,0.1251301852774416,0.017857142857142856,0.6726190476190477,0.9543650793650794,0.9722222222222222,0.9543650793650794,1.0,0.05357142857142857,0.9722222222222222,0.04365079365079365,0.057539682539682536,0.03042328042328042
Все категории,20261006,-20,step,ewma,0,504,1512,0.08985336418758544,0.6011904761904762,0.9285714285714286,0.9603174603174603,0.9781746031746031,0.376984126984127,0.0,0.13095238095238096,0.9880952380952381,0.1111111111111111,0.13624338624338625,0.07936507936507936
Все категории,20261006,-20,step,cusum,0,504,1512,0.20154228530071994,0.4246031746031746,0.9543650793650794,0.9583333333333334,0.9583333333333334,0.5337301587301587,1.0,0.2619047619047619,0.998015873015873,0.2414021164021164,0.2691798941798942,0.15079365079365079
Все категории,20261006,-20,pulse,spike,0,504,1512,0.1596222269827134,0.876984126984127,0.876984126984127,0.876984126984127,0.876984126984127,0.0,0.0,0.03571428571428571,0.8908730158730159,0.04431216931216931,0.04563492063492063,0.003968253968253968
Все категории,20261006,-20,pulse,rolling_3m,0,504,1512,0.1251301852774416,0.017857142857142856,0.05952380952380952,0.08333333333333333,0.08333333333333333,0.06547619047619048,1.0,0.05357142857142857,0.12103174603174603,0.04365079365079365,0.04365079365079365,0.003968253968253968
Все категории,20261006,-20,pulse,ewma,0,504,1512,0.08985336418758544,0.6011904761904762,0.6011904761904762,0.6011904761904762,0.6051587301587301,0.003968253968253968,0.0,0.13095238095238096,0.6587301587301587,0.1111111111111111,0.11177248677248677,0.00992063492063492
Все категории,20261006,-20,pulse,cusum,0,504,1512,0.20154228530071994,0.4246031746031746,0.44841269841269843,0.4603174603174603,0.4861111111111111,0.061507936507936505,0.0,0.2619047619047619,0.5932539682539683,0.2414021164021164,0.2466931216931217,0.05423280423280423
Все категории,20261006,-20,ramp,spike,1,504,1512,0.1596222269827134,0.005952380952380952,0.03968253968253968,0.2777777777777778,0.8174603174603174,0.8115079365079365,3.0,0.03571428571428571,0.8234126984126984,0.04431216931216931,0.05092592592592592,0.016534391534391533
Все категории,20261006,-20,ramp,rolling_3m,1,504,1512,0.1251301852774416,0.0,0.015873015873015872,0.13095238095238096,0.7420634920634921,0.7420634920634921,3.0,0.05357142857142857,0.748015873015873,0.04365079365079365,0.05489417989417989,0.02447089947089947
Все категории,20261006,-20,ramp,ewma,1,504,1512,0.08985336418758544,0.007936507936507936,0.07738095238095238,0.4126984126984127,0.8908730158730159,0.8829365079365079,3.0,0.13095238095238096,0.9047619047619048,0.1111111111111111,0.12896825396825398,0.06415343915343916
Все категории,20261006,-20,ramp,cusum,1,504,1512,0.20154228530071994,0.011904761904761904,0.08333333333333333,0.376984126984127,0.8333333333333334,0.8214285714285714,3.0,0.2619047619047619,0.9325396825396826,0.2414021164021164,0.25595238095238093,0.10251322751322751
Все категории,20261006,20,step,spike,0,504,1512,0.1596222269827134,0.48412698412698413,0.6130952380952381,0.6527777777777778,0.7182539682539683,0.23412698412698413,0.0,0.03571428571428571,0.7182539682539683,0.04431216931216931,0.04365079365079365,0.013227513227513227
Все категории,20261006,20,step,rolling_3m,0,504,1512,0.1251301852774416,0.027777777777777776,0.3273809523809524,0.8373015873015873,0.878968253968254,0.8511904761904762,2.0,0.05357142857142857,0.878968253968254,0.04365079365079365,0.036375661375661374,0.013227513227513227
Все категории,20261006,20,step,ewma,0,504,1512,0.08985336418758544,0.25396825396825395,0.7301587301587301,0.9087301587301587,0.9583333333333334,0.7043650793650794,1.0,0.13095238095238096,0.9623015873015873,0.1111111111111111,0.1130952380952381,0.046296296296296294
Все категории,20261006,20,step,cusum,0,504,1512,0.20154228530071994,0.1626984126984127,0.8313492063492064,0.9484126984126984,0.9484126984126984,0.7857142857142857,1.0,0.2619047619047619,0.9920634920634921,0.2414021164021164,0.2863756613756614,0.15145502645502645
Все категории,20261006,20,pulse,spike,0,504,1512,0.1596222269827134,0.48412698412698413,0.48412698412698413,0.48412698412698413,0.48412698412698413,0.0,0.0,0.03571428571428571,0.5,0.04431216931216931,0.04497354497354497,0.0013227513227513227
Все категории,20261006,20,pulse,rolling_3m,0,504,1512,0.1251301852774416,0.027777777777777776,0.05357142857142857,0.07738095238095238,0.07738095238095238,0.0496031746031746,1.0,0.05357142857142857,0.10912698412698413,0.04365079365079365,0.04365079365079365,0.0013227513227513227
Все категории,20261006,20,pulse,ewma,0,504,1512,0.08985336418758544,0.25396825396825395,0.25793650793650796,0.25793650793650796,0.26587301587301587,0.011904761904761904,0.0,0.13095238095238096,0.3194444444444444,0.1111111111111111,0.11177248677248677,0.004629629629629629
Все категории,20261006,20,pulse,cusum,0,504,1512,0.20154228530071994,0.1626984126984127,0.2222222222222222,0.25,0.30952380952380953,0.14682539682539683,0.0,0.2619047619047619,0.4087301587301587,0.2414021164021164,0.24537037037037038,0.03505291005291005
Все категории,20261006,20,ramp,spike,1,504,1512,0.1596222269827134,0.005952380952380952,0.05952380952380952,0.15873015873015872,0.5257936507936508,0.5198412698412699,3.0,0.03571428571428571,0.5297619047619048,0.04431216931216931,0.04298941798941799,0.011243386243386243
Все категории,20261006,20,ramp,rolling_3m,1,504,1512,0.1251301852774416,0.001984126984126984,0.025793650793650792,0.125,0.49404761904761907,0.49206349206349204,3.0,0.05357142857142857,0.501984126984127,0.04365079365079365,0.036375661375661374,0.009259259259259259
Все категории,20261006,20,ramp,ewma,1,504,1512,0.08985336418758544,0.013888888888888888,0.0873015873015873,0.25,0.7301587301587301,0.7162698412698413,3.0,0.13095238095238096,0.751984126984127,0.1111111111111111,0.11243386243386243,0.03571428571428571
Все категории,20261006,20,ramp,cusum,1,504,1512,0.20154228530071994,0.013888888888888888,0.08134920634920635,0.2619047619047619,0.7242063492063492,0.7103174603174603,3.0,0.2619047619047619,0.7837301587301587,0.2414021164021164,0.27380952380952384,0.11243386243386243
Все категории,20261007,-20,step,spike,0,504,1512,0.1596222269827134,0.8670634920634921,0.9166666666666666,0.9265873015873016,0.9563492063492064,0.08928571428571429,0.0,0.05555555555555555,0.9563492063492064,0.037698412698412696,0.04365079365079365,0.017195767195767195
Все категории,20261007,-20,step,rolling_3m,0,504,1512,0.1251301852774416,0.015873015873015872,0.6746031746031746,0.9384920634920635,0.9583333333333334,0.9424603174603174,1.0,0.057539682539682536,0.9583333333333334,0.042328042328042326,0.057539682539682536,0.03306878306878307
Все категории,20261007,-20,step,ewma,0,504,1512,0.08985336418758544,0.6031746031746031,0.9067460317460317,0.9603174603174603,0.9702380952380952,0.36706349206349204,0.0,0.12698412698412698,0.9761904761904762,0.11243386243386243,0.12896825396825398,0.07208994708994709
Все категории,20261007,-20,step,cusum,0,504,1512,0.20154228530071994,0.4384920634920635,0.9365079365079365,0.9424603174603174,0.9464285714285714,0.5079365079365079,1.0,0.26587301587301587,0.996031746031746,0.2400793650793651,0.2830687830687831,0.167989417989418
Все категории,20261007,-20,pulse,spike,0,504,1512,0.1596222269827134,0.8670634920634921,0.8670634920634921,0.8670634920634921,0.8670634920634921,0.0,0.0,0.05555555555555555,0.8948412698412699,0.037698412698412696,0.03902116402116402,0.001984126984126984
Все категории,20261007,-20,pulse,rolling_3m,0,504,1512,0.1251301852774416,0.015873015873015872,0.041666666666666664,0.06547619047619048,0.06547619047619048,0.0496031746031746,1.0,0.057539682539682536,0.11507936507936507,0.042328042328042326,0.042328042328042326,0.0026455026455026454
Все категории,20261007,-20,pulse,ewma,0,504,1512,0.08985336418758544,0.6031746031746031,0.6031746031746031,0.6051587301587301,0.6071428571428571,0.003968253968253968,0.0,0.12698412698412698,0.6726190476190477,0.11243386243386243,0.1111111111111111,0.007936507936507936
Все категории,20261007,-20,pulse,cusum,0,504,1512,0.20154228530071994,0.4384920634920635,0.4623015873015873,0.4742063492063492,0.5099206349206349,0.07142857142857142,0.0,0.26587301587301587,0.6468253968253969,0.2400793650793651,0.24537037037037038,0.05026455026455026
Все категории,20261007,-20,ramp,spike,1,504,1512,0.1596222269827134,0.003968253968253968,0.02976190476190476,0.2361111111111111,0.8154761904761905,0.8115079365079365,3.0,0.05555555555555555,0.8234126984126984,0.037698412698412696,0.042328042328042326,0.013227513227513227
Все категории,20261007,-20,ramp,rolling_3m,1,504,1512,0.1251301852774416,0.003968253968253968,0.007936507936507936,0.09722222222222222,0.7341269841269841,0.7301587301587301,3.0,0.057539682539682536,0.7420634920634921,0.042328042328042326,0.051587301587301584,0.023809523809523808
Все категории,20261007,-20,ramp,ewma,1,504,1512,0.08985336418758544,0.0,0.057539682539682536,0.4146825396825397,0.873015873015873,0.873015873015873,3.0,0.12698412698412698,0.8928571428571429,0.11243386243386243,0.12698412698412698,0.061507936507936505
Все категории,20261007,-20,ramp,cusum,1,504,1512,0.20154228530071994,0.003968253968253968,0.08134920634920635,0.3888888888888889,0.8234126984126984,0.8194444444444444,3.0,0.26587301587301587,0.9246031746031746,0.2400793650793651,0.2671957671957672,0.11441798941798942
Все категории,20261007,20,step,spike,0,504,1512,0.1596222269827134,0.5,0.6150793650793651,0.6746031746031746,0.7341269841269841,0.23412698412698413,0.0,0.05555555555555555,0.7341269841269841,0.037698412698412696,0.041666666666666664,0.012566137566137565
Все категории,20261007,20,step,rolling_3m,0,504,1512,0.1251301852774416,0.03968253968253968,0.3273809523809524,0.875,0.9146825396825397,0.875,2.0,0.057539682539682536,0.9166666666666666,0.042328042328042326,0.037698412698412696,0.01455026455026455
Все категории,20261007,20,step,ewma,0,504,1512,0.08985336418758544,0.2619047619047619,0.7579365079365079,0.9365079365079365,0.9702380952380952,0.7083333333333334,1.0,0.12698412698412698,0.9781746031746031,0.11243386243386243,0.11507936507936507,0.047619047619047616
Все категории,20261007,20,step,cusum,0,504,1512,0.20154228530071994,0.15476190476190477,0.8591269841269841,0.9603174603174603,0.9623015873015873,0.8075396825396826,1.0,0.26587301587301587,0.9940476190476191,0.2400793650793651,0.2777777777777778,0.14285714285714285
Все категории,20261007,20,pulse,spike,0,504,1512,0.1596222269827134,0.5,0.5,0.5,0.5,0.0,0.0,0.05555555555555555,0.5198412698412699,0.037698412698412696,0.03902116402116402,0.001984126984126984
Все категории,20261007,20,pulse,rolling_3m,0,504,1512,0.1251301852774416,0.03968253968253968,0.06746031746031746,0.10714285714285714,0.10714285714285714,0.06746031746031746,1.0,0.057539682539682536,0.13095238095238096,0.042328042328042326,0.041666666666666664,0.001984126984126984
Все категории,20261007,20,pulse,ewma,0,504,1512,0.08985336418758544,0.2619047619047619,0.2718253968253968,0.2757936507936508,0.2837301587301587,0.021825396825396824,0.0,0.12698412698412698,0.3194444444444444,0.11243386243386243,0.1130952380952381,0.003968253968253968
Все категории,20261007,20,pulse,cusum,0,504,1512,0.20154228530071994,0.15476190476190477,0.2261904761904762,0.251984126984127,0.3134920634920635,0.15873015873015872,1.0,0.26587301587301587,0.3948412698412698,0.2400793650793651,0.24735449735449735,0.037698412698412696
Все категории,20261007,20,ramp,spike,1,504,1512,0.1596222269827134,0.013888888888888888,0.07539682539682539,0.19642857142857142,0.5158730158730159,0.501984126984127,3.0,0.05555555555555555,0.5198412698412699,0.037698412698412696,0.041005291005291,0.010582010582010581
Все категории,20261007,20,ramp,rolling_3m,1,504,1512,0.1251301852774416,0.001984126984126984,0.031746031746031744,0.16071428571428573,0.503968253968254,0.501984126984127,3.0,0.057539682539682536,0.5138888888888888,0.042328042328042326,0.037698412698412696,0.011904761904761904
Все категории,20261007,20,ramp,ewma,1,504,1512,0.08985336418758544,0.021825396825396824,0.1130952380952381,0.28174603174603174,0.7440476190476191,0.7222222222222222,3.0,0.12698412698412698,0.7738095238095238,0.11243386243386243,0.1111111111111111,0.03571428571428571
Все категории,20261007,20,ramp,cusum,1,504,1512,0.20154228530071994,0.013888888888888888,0.09126984126984126,0.2757936507936508,0.7341269841269841,0.7202380952380952,3.0,0.26587301587301587,0.8015873015873016,0.2400793650793651,0.2665343915343915,0.10185185185185185
Все категории,20261008,-20,step,spike,0,504,1512,0.1596222269827134,0.8809523809523809,0.9384920634920635,0.9543650793650794,0.9682539682539683,0.0873015873015873,0.0,0.05357142857142857,0.9682539682539683,0.03835978835978836,0.04894179894179894,0.021825396825396824
Все категории,20261008,-20,step,rolling_3m,0,504,1512,0.1251301852774416,0.025793650793650792,0.6884920634920635,0.9523809523809523,0.9722222222222222,0.9464285714285714,1.0,0.051587301587301584,0.9722222222222222,0.04431216931216931,0.05555555555555555,0.0291005291005291
Все категории,20261008,-20,step,ewma,0,504,1512,0.08985336418758544,0.6150793650793651,0.9325396825396826,0.9583333333333334,0.9781746031746031,0.3630952380952381,0.0,0.12103174603174603,0.9841269841269841,0.11441798941798942,0.13624338624338625,0.082010582010582
Все категории,20261008,-20,step,cusum,0,504,1512,0.20154228530071994,0.4444444444444444,0.9523809523809523,0.9523809523809523,0.9523809523809523,0.5079365079365079,1.0,0.24801587301587302,0.998015873015873,0.24603174603174602,0.2804232804232804,0.1593915343915344
Все категории,20261008,-20,pulse,spike,0,504,1512,0.1596222269827134,0.8809523809523809,0.8809523809523809,0.8809523809523809,0.8809523809523809,0.0,0.0,0.05357142857142857,0.9087301587301587,0.03835978835978836,0.04034391534391534,0.003968253968253968
Все категории,20261008,-20,pulse,rolling_3m,0,504,1512,0.1251301852774416,0.025793650793650792,0.051587301587301584,0.0873015873015873,0.0873015873015873,0.061507936507936505,1.0,0.051587301587301584,0.12301587301587301,0.04431216931216931,0.04365079365079365,0.0013227513227513227
Все категории,20261008,-20,pulse,ewma,0,504,1512,0.08985336418758544,0.6150793650793651,0.6170634920634921,0.6170634920634921,0.621031746031746,0.005952380952380952,0.0,0.12103174603174603,0.6785714285714286,0.11441798941798942,0.11441798941798942,0.00992063492063492
Все категории,20261008,-20,pulse,cusum,0,504,1512,0.20154228530071994,0.4444444444444444,0.4781746031746032,0.49206349206349204,0.5119047619047619,0.06746031746031746,0.0,0.24801587301587302,0.6130952380952381,0.24603174603174602,0.25132275132275134,0.052248677248677246
Все категории,20261008,-20,ramp,spike,1,504,1512,0.1596222269827134,0.001984126984126984,0.03373015873015873,0.25396825396825395,0.8154761904761905,0.8134920634920635,3.0,0.05357142857142857,0.8234126984126984,0.03835978835978836,0.047619047619047616,0.017857142857142856
Все категории,20261008,-20,ramp,rolling_3m,1,504,1512,0.1251301852774416,0.001984126984126984,0.015873015873015872,0.12698412698412698,0.7420634920634921,0.7400793650793651,3.0,0.051587301587301584,0.748015873015873,0.04431216931216931,0.05291005291005291,0.021825396825396824
Все категории,20261008,-20,ramp,ewma,1,504,1512,0.08985336418758544,0.003968253968253968,0.07341269841269842,0.3948412698412698,0.8948412698412699,0.8908730158730159,3.0,0.12103174603174603,0.9186507936507936,0.11441798941798942,0.13690476190476192,0.07208994708994709
Все категории,20261008,-20,ramp,cusum,1,504,1512,0.20154228530071994,0.011904761904761904,0.0873015873015873,0.36706349206349204,0.8452380952380952,0.8333333333333334,3.0,0.24801587301587302,0.9424603174603174,0.24603174603174602,0.2665343915343915,0.1078042328042328
Все категории,20261008,20,step,spike,0,504,1512,0.1596222269827134,0.48214285714285715,0.621031746031746,0.6686507936507936,0.7301587301587301,0.24801587301587302,0.0,0.05357142857142857,0.7301587301587301,0.03835978835978836,0.04298941798941799,0.013227513227513227
Все категории,20261008,20,step,rolling_3m,0,504,1512,0.1251301852774416,0.02976190476190476,0.3134920634920635,0.8353174603174603,0.878968253968254,0.8492063492063492,2.0,0.051587301587301584,0.878968253968254,0.04431216931216931,0.03571428571428571,0.013227513227513227
Все категории,20261008,20,step,ewma,0,504,1512,0.08985336418758544,0.24603174603174602,0.7281746031746031,0.9007936507936508,0.9563492063492064,0.7103174603174603,1.0,0.12103174603174603,0.9623015873015873,0.11441798941798942,0.11507936507936507,0.04894179894179894
Все категории,20261008,20,step,cusum,0,504,1512,0.20154228530071994,0.1527777777777778,0.8273809523809523,0.9365079365079365,0.9384920634920635,0.7857142857142857,1.0,0.24801587301587302,0.9841269841269841,0.24603174603174602,0.29365079365079366,0.15343915343915343
Все категории,20261008,20,pulse,spike,0,504,1512,0.1596222269827134,0.48214285714285715,0.48214285714285715,0.48214285714285715,0.48214285714285715,0.0,0.0,0.05357142857142857,0.5099206349206349,0.03835978835978836,0.03835978835978836,0.0006613756613756613
Все категории,20261008,20,pulse,rolling_3m,0,504,1512,0.1251301852774416,0.02976190476190476,0.047619047619047616,0.06746031746031746,0.06746031746031746,0.037698412698412696,1.0,0.051587301587301584,0.09722222222222222,0.04431216931216931,0.04298941798941799,0.0006613756613756613
Все категории,20261008,20,pulse,ewma,0,504,1512,0.08985336418758544,0.24603174603174602,0.24801587301587302,0.24801587301587302,0.25396825396825395,0.007936507936507936,0.0,0.12103174603174603,0.30357142857142855,0.11441798941798942,0.11507936507936507,0.005291005291005291
Все категории,20261008,20,pulse,cusum,0,504,1512,0.20154228530071994,0.1527777777777778,0.20436507936507936,0.23809523809523808,0.3194444444444444,0.16666666666666666,1.0,0.24801587301587302,0.4226190476190476,0.24603174603174602,0.251984126984127,0.03571428571428571
Все категории,20261008,20,ramp,spike,1,504,1512,0.1596222269827134,0.007936507936507936,0.04365079365079365,0.14285714285714285,0.5496031746031746,0.5416666666666666,3.0,0.05357142857142857,0.5555555555555556,0.03835978835978836,0.04365079365079365,0.011904761904761904
Все категории,20261008,20,ramp,rolling_3m,1,504,1512,0.1251301852774416,0.003968253968253968,0.027777777777777776,0.10714285714285714,0.5079365079365079,0.503968253968254,3.0,0.051587301587301584,0.5198412698412699,0.04431216931216931,0.03439153439153439,0.00992063492063492
Все категории,20261008,20,ramp,ewma,1,504,1512,0.08985336418758544,0.011904761904761904,0.07738095238095238,0.24603174603174602,0.7341269841269841,0.7222222222222222,3.0,0.12103174603174603,0.7638888888888888,0.11441798941798942,0.11177248677248677,0.03505291005291005
Все категории,20261008,20,ramp,cusum,1,504,1512,0.20154228530071994,0.007936507936507936,0.07142857142857142,0.26587301587301587,0.7321428571428571,0.7242063492063492,3.0,0.24801587301587302,0.8075396825396826,0.24603174603174602,0.27645502645502645,0.10714285714285714
Все категории,20261009,-20,step,spike,0,504,1512,0.1596222269827134,0.875,0.9166666666666666,0.9345238095238095,0.9484126984126984,0.07341269841269842,0.0,0.047619047619047616,0.9503968253968254,0.04034391534391534,0.046957671957671955,0.018518518518518517
Все категории,20261009,-20,step,rolling_3m,0,504,1512,0.1251301852774416,0.01984126984126984,0.6785714285714286,0.9563492063492064,0.9662698412698413,0.9464285714285714,1.0,0.0496031746031746,0.9682539682539683,0.04497354497354497,0.05952380952380952,0.03373015873015873
Все категории,20261009,-20,step,ewma,0,504,1512,0.08985336418758544,0.6309523809523809,0.9206349206349206,0.9623015873015873,0.9702380952380952,0.3392857142857143,0.0,0.12698412698412698,0.9821428571428571,0.11243386243386243,0.13095238095238096,0.07275132275132275
Все категории,20261009,-20,step,cusum,0,504,1512,0.20154228530071994,0.45436507936507936,0.9464285714285714,0.9563492063492064,0.9563492063492064,0.501984126984127,1.0,0.2619047619047619,0.996031746031746,0.2414021164021164,0.26851851851851855,0.14814814814814814
Все категории,20261009,-20,pulse,spike,0,504,1512,0.1596222269827134,0.875,0.875,0.875,0.875,0.0,0.0,0.047619047619047616,0.9007936507936508,0.04034391534391534,0.041666666666666664,0.003968253968253968
Все категории,20261009,-20,pulse,rolling_3m,0,504,1512,0.1251301852774416,0.01984126984126984,0.05555555555555555,0.09523809523809523,0.09523809523809523,0.07539682539682539,1.0,0.0496031746031746,0.13690476190476192,0.04497354497354497,0.04431216931216931,0.0026455026455026454
Все категории,20261009,-20,pulse,ewma,0,504,1512,0.08985336418758544,0.6309523809523809,0.6309523809523809,0.6309523809523809,0.6329365079365079,0.001984126984126984,0.0,0.12698412698412698,0.6944444444444444,0.11243386243386243,0.11243386243386243,0.008597883597883597
Все категории,20261009,-20,pulse,cusum,0,504,1512,0.20154228530071994,0.45436507936507936,0.4722222222222222,0.49206349206349204,0.503968253968254,0.0496031746031746,0.0,0.2619047619047619,0.625,0.2414021164021164,0.24272486772486773,0.04298941798941799
Все категории,20261009,-20,ramp,spike,1,504,1512,0.1596222269827134,0.005952380952380952,0.03571428571428571,0.2400793650793651,0.7996031746031746,0.7936507936507936,3.0,0.047619047619047616,0.8075396825396826,0.04034391534391534,0.046296296296296294,0.01521164021164021
Все категории,20261009,-20,ramp,rolling_3m,1,504,1512,0.1251301852774416,0.0,0.011904761904761904,0.1349206349206349,0.7222222222222222,0.7222222222222222,3.0,0.0496031746031746,0.7301587301587301,0.04497354497354497,0.05555555555555555,0.027116402116402115
Все категории,20261009,-20,ramp,ewma,1,504,1512,0.08985336418758544,0.00992063492063492,0.08531746031746032,0.4007936507936508,0.873015873015873,0.8630952380952381,3.0,0.12698412698412698,0.8968253968253969,0.11243386243386243,0.12896825396825398,0.06018518518518518
Все категории,20261009,-20,ramp,cusum,1,504,1512,0.20154228530071994,0.005952380952380952,0.09523809523809523,0.376984126984127,0.8273809523809523,0.8214285714285714,3.0,0.2619047619047619,0.9186507936507936,0.2414021164021164,0.2552910052910053,0.10052910052910052
Все категории,20261009,20,step,spike,0,504,1512,0.1596222269827134,0.48214285714285715,0.6170634920634921,0.6587301587301587,0.7222222222222222,0.2400793650793651,0.0,0.047619047619047616,0.7261904761904762,0.04034391534391534,0.041666666666666664,0.015873015873015872
Все категории,20261009,20,step,rolling_3m,0,504,1512,0.1251301852774416,0.021825396825396824,0.32936507936507936,0.8293650793650794,0.871031746031746,0.8492063492063492,2.0,0.0496031746031746,0.875,0.04497354497354497,0.037037037037037035,0.01521164021164021
Все категории,20261009,20,step,ewma,0,504,1512,0.08985336418758544,0.24404761904761904,0.7202380952380952,0.9047619047619048,0.9623015873015873,0.7182539682539683,1.0,0.12698412698412698,0.9682539682539683,0.11243386243386243,0.1130952380952381,0.046296296296296294
Все категории,20261009,20,step,cusum,0,504,1512,0.20154228530071994,0.15476190476190477,0.8373015873015873,0.9444444444444444,0.9484126984126984,0.7936507936507936,1.0,0.2619047619047619,0.996031746031746,0.2414021164021164,0.2837301587301587,0.15476190476190477
Все категории,20261009,20,pulse,spike,0,504,1512,0.1596222269827134,0.48214285714285715,0.48214285714285715,0.48214285714285715,0.48214285714285715,0.0,0.0,0.047619047619047616,0.501984126984127,0.04034391534391534,0.041005291005291,0.001984126984126984
Все категории,20261009,20,pulse,rolling_3m,0,504,1512,0.1251301852774416,0.021825396825396824,0.057539682539682536,0.08333333333333333,0.08333333333333333,0.061507936507936505,1.0,0.0496031746031746,0.10714285714285714,0.04497354497354497,0.04563492063492063,0.0026455026455026454
Все категории,20261009,20,pulse,ewma,0,504,1512,0.08985336418758544,0.24404761904761904,0.24603174603174602,0.24801587301587302,0.2619047619047619,0.017857142857142856,0.0,0.12698412698412698,0.3115079365079365,0.11243386243386243,0.11243386243386243,0.005952380952380952
Все категории,20261009,20,pulse,cusum,0,504,1512,0.20154228530071994,0.15476190476190477,0.20634920634920634,0.24206349206349206,0.30952380952380953,0.15476190476190477,0.5,0.2619047619047619,0.40476190476190477,0.2414021164021164,0.24338624338624337,0.03439153439153439
Все категории,20261009,20,ramp,spike,1,504,1512,0.1596222269827134,0.011904761904761904,0.05357142857142857,0.18253968253968253,0.5436507936507936,0.5317460317460317,3.0,0.047619047619047616,0.5555555555555556,0.04034391534391534,0.041005291005291,0.013888888888888888
Все категории,20261009,20,ramp,rolling_3m,1,504,1512,0.1251301852774416,0.003968253968253968,0.017857142857142856,0.13293650793650794,0.501984126984127,0.498015873015873,3.0,0.0496031746031746,0.5198412698412699,0.04497354497354497,0.037037037037037035,0.011904761904761904
Все категории,20261009,20,ramp,ewma,1,504,1512,0.08985336418758544,0.015873015873015872,0.0992063492063492,0.2718253968253968,0.7400793650793651,0.7242063492063492,3.0,0.12698412698412698,0.7718253968253969,0.11243386243386243,0.1130952380952381,0.036375661375661374
Все категории,20261009,20,ramp,cusum,1,504,1512,0.20154228530071994,0.015873015873015872,0.09523809523809523,0.2718253968253968,0.7281746031746031,0.7123015873015873,3.0,0.2619047619047619,0.7916666666666666,0.2414021164021164,0.26851851851851855,0.10317460317460317
Все категории,20261010,-20,step,spike,0,504,1512,0.1596222269827134,0.8670634920634921,0.9126984126984127,0.9345238095238095,0.9484126984126984,0.08134920634920635,0.0,0.04563492063492063,0.9484126984126984,0.041005291005291,0.0496031746031746,0.01984126984126984
Все категории,20261010,-20,step,rolling_3m,0,504,1512,0.1251301852774416,0.02976190476190476,0.6468253968253969,0.9503968253968254,0.9682539682539683,0.9384920634920635,1.0,0.061507936507936505,0.9682539682539683,0.041005291005291,0.05357142857142857,0.03042328042328042
Все категории,20261010,-20,step,ewma,0,504,1512,0.08985336418758544,0.5853174603174603,0.9206349206349206,0.9563492063492064,0.9742063492063492,0.3888888888888889,0.0,0.13293650793650794,0.9801587301587301,0.11044973544973545,0.1283068783068783,0.06944444444444445
Все категории,20261010,-20,step,cusum,0,504,1512,0.20154228530071994,0.41865079365079366,0.9384920634920635,0.9444444444444444,0.9464285714285714,0.5277777777777778,1.0,0.2718253968253968,1.0,0.23809523809523808,0.2777777777777778,0.1574074074074074
Все категории,20261010,-20,pulse,spike,0,504,1512,0.1596222269827134,0.8670634920634921,0.8670634920634921,0.8670634920634921,0.8670634920634921,0.0,0.0,0.04563492063492063,0.8948412698412699,0.041005291005291,0.042328042328042326,0.003968253968253968
Все категории,20261010,-20,pulse,rolling_3m,0,504,1512,0.1251301852774416,0.02976190476190476,0.047619047619047616,0.09722222222222222,0.09722222222222222,0.06746031746031746,2.0,0.061507936507936505,0.14285714285714285,0.041005291005291,0.041005291005291,0.0026455026455026454
Все категории,20261010,-20,pulse,ewma,0,504,1512,0.08985336418758544,0.5853174603174603,0.5873015873015873,0.5892857142857143,0.5932539682539683,0.007936507936507936,0.0,0.13293650793650794,0.6567460317460317,0.11044973544973545,0.10978835978835978,0.007275132275132275
Все категории,20261010,-20,pulse,cusum,0,504,1512,0.20154228530071994,0.41865079365079366,0.44047619047619047,0.45634920634920634,0.47619047619047616,0.057539682539682536,0.0,0.2718253968253968,0.6091269841269841,0.23809523809523808,0.2466931216931217,0.056878306878306875
Все категории,20261010,-20,ramp,spike,1,504,1512,0.1596222269827134,0.005952380952380952,0.03968253968253968,0.23214285714285715,0.8174603174603174,0.8115079365079365,3.0,0.04563492063492063,0.8273809523809523,0.041005291005291,0.04828042328042328,0.015873015873015872
Все категории,20261010,-20,ramp,rolling_3m,1,504,1512,0.1251301852774416,0.001984126984126984,0.015873015873015872,0.11904761904761904,0.7380952380952381,0.7361111111111112,3.0,0.061507936507936505,0.7440476190476191,0.041005291005291,0.05092592592592592,0.023148148148148147
Все категории,20261010,-20,ramp,ewma,1,504,1512,0.08985336418758544,0.011904761904761904,0.08333333333333333,0.39087301587301587,0.871031746031746,0.8591269841269841,3.0,0.13293650793650794,0.8849206349206349,0.11044973544973545,0.12698412698412698,0.06018518518518518
Все категории,20261010,-20,ramp,cusum,1,504,1512,0.20154228530071994,0.007936507936507936,0.08531746031746032,0.35119047619047616,0.8115079365079365,0.8035714285714286,3.0,0.2718253968253968,0.9206349206349206,0.23809523809523808,0.2619047619047619,0.10648148148148148
Все категории,20261010,20,step,spike,0,504,1512,0.1596222269827134,0.5,0.6170634920634921,0.6626984126984127,0.7103174603174603,0.21031746031746032,0.0,0.04563492063492063,0.7103174603174603,0.041005291005291,0.04431216931216931,0.01521164021164021
Все категории,20261010,20,step,rolling_3m,0,504,1512,0.1251301852774416,0.031746031746031744,0.35119047619047616,0.8432539682539683,0.8809523809523809,0.8492063492063492,2.0,0.061507936507936505,0.8809523809523809,0.041005291005291,0.037698412698412696,0.017195767195767195
Все категории,20261010,20,step,ewma,0,504,1512,0.08985336418758544,0.2638888888888889,0.7202380952380952,0.9087301587301587,0.9642857142857143,0.7003968253968254,1.0,0.13293650793650794,0.9662698412698413,0.11044973544973545,0.1130952380952381,0.04828042328042328
Все категории,20261010,20,step,cusum,0,504,1512,0.20154228530071994,0.1626984126984127,0.8452380952380952,0.9404761904761905,0.9404761904761905,0.7777777777777778,1.0,0.2718253968253968,0.9900793650793651,0.23809523809523808,0.2863756613756614,0.15806878306878308
Все категории,20261010,20,pulse,spike,0,504,1512,0.1596222269827134,0.5,0.5,0.5,0.5,0.0,0.0,0.04563492063492063,0.5178571428571429,0.041005291005291,0.041666666666666664,0.001984126984126984
Все категории,20261010,20,pulse,rolling_3m,0,504,1512,0.1251301852774416,0.031746031746031744,0.06349206349206349,0.0873015873015873,0.0873015873015873,0.05555555555555555,1.0,0.061507936507936505,0.11706349206349206,0.041005291005291,0.03968253968253968,0.0006613756613756613
Все категории,20261010,20,pulse,ewma,0,504,1512,0.08985336418758544,0.2638888888888889,0.2698412698412698,0.2718253968253968,0.27976190476190477,0.015873015873015872,0.0,0.13293650793650794,0.32341269841269843,0.11044973544973545,0.1111111111111111,0.004629629629629629
Все категории,20261010,20,pulse,cusum,0,504,1512,0.20154228530071994,0.1626984126984127,0.21825396825396826,0.24801587301587302,0.3115079365079365,0.1488095238095238,0.0,0.2718253968253968,0.4027777777777778,0.23809523809523808,0.24272486772486773,0.031084656084656083
Все категории,20261010,20,ramp,spike,1,504,1512,0.1596222269827134,0.00992063492063492,0.05555555555555555,0.18055555555555555,0.5496031746031746,0.5396825396825397,3.0,0.04563492063492063,0.5515873015873016,0.041005291005291,0.04365079365079365,0.013227513227513227
Все категории,20261010,20,ramp,rolling_3m,1,504,1512,0.1251301852774416,0.001984126984126984,0.031746031746031744,0.13095238095238096,0.5436507936507936,0.5416666666666666,3.0,0.061507936507936505,0.5515873015873016,0.041005291005291,0.03835978835978836,0.013888888888888888
Все категории,20261010,20,ramp,ewma,1,504,1512,0.08985336418758544,0.023809523809523808,0.09523809523809523,0.26785714285714285,0.7281746031746031,0.7043650793650794,3.0,0.13293650793650794,0.7559523809523809,0.11044973544973545,0.11044973544973545,0.037698412698412696
Все категории,20261010,20,ramp,cusum,1,504,1512,0.20154228530071994,0.01984126984126984,0.08134920634920635,0.26587301587301587,0.7123015873015873,0.6924603174603174,3.0,0.2718253968253968,0.7817460317460317,0.23809523809523808,0.27116402116402116,0.10846560846560846
Здоровье,20261001,-20,step,spike,0,504,1512,0.4451641519954342,0.00992063492063492,0.023809523809523808,0.031746031746031744,0.05555555555555555,0.04563492063492063,2.0,0.02976190476190476,0.06547619047619048,0.025793650793650792,0.03042328042328042,0.008597883597883597
Здоровье,20261001,-20,step,rolling_3m,0,504,1512,0.3399031820990008,0.0,0.007936507936507936,0.01984126984126984,0.06746031746031746,0.06746031746031746,3.0,0.023809523809523808,0.07142857142857142,0.023148148148148147,0.027116402116402115,0.008597883597883597
Здоровье,20261001,-20,step,ewma,0,504,1512,0.23634802983708952,0.011904761904761904,0.03968253968253968,0.10912698412698413,0.29563492063492064,0.2837301587301587,3.0,0.057539682539682536,0.30357142857142855,0.06613756613756613,0.07539682539682539,0.03505291005291005
Здоровье,20261001,-20,step,cusum,0,504,1512,0.6654177877444858,0.007936507936507936,0.051587301587301584,0.2619047619047619,0.7638888888888888,0.7559523809523809,3.0,0.18253968253968253,0.7857142857142857,0.17394179894179895,0.20502645502645503,0.10383597883597884
Здоровье,20261001,-20,pulse,spike,0,504,1512,0.4451641519954342,0.00992063492063492,0.00992063492063492,0.00992063492063492,0.00992063492063492,0.0,0.0,0.02976190476190476,0.03571428571428571,0.025793650793650792,0.026455026455026454,0.0006613756613756613
Здоровье,20261001,-20,pulse,rolling_3m,0,504,1512,0.3399031820990008,0.0,0.003968253968253968,0.005952380952380952,0.005952380952380952,0.005952380952380952,1.0,0.023809523809523808,0.025793650793650792,0.023148148148148147,0.023148148148148147,0.0006613756613756613
Здоровье,20261001,-20,pulse,ewma,0,504,1512,0.23634802983708952,0.011904761904761904,0.017857142857142856,0.01984126984126984,0.01984126984126984,0.007936507936507936,0.0,0.057539682539682536,0.06349206349206349,0.06613756613756613,0.0667989417989418,0.004629629629629629
Здоровье,20261001,-20,pulse,cusum,0,504,1512,0.6654177877444858,0.007936507936507936,0.011904761904761904,0.023809523809523808,0.07738095238095238,0.06944444444444445,3.0,0.18253968253968253,0.2003968253968254,0.17394179894179895,0.17989417989417988,0.03373015873015873
Здоровье,20261001,-20,ramp,spike,1,504,1512,0.4451641519954342,0.0,0.0,0.003968253968253968,0.031746031746031744,0.031746031746031744,3.5,0.02976190476190476,0.04563492063492063,0.025793650793650792,0.027777777777777776,0.004629629629629629
Здоровье,20261001,-20,ramp,rolling_3m,1,504,1512,0.3399031820990008,0.001984126984126984,0.003968253968253968,0.003968253968253968,0.013888888888888888,0.011904761904761904,4.0,0.023809523809523808,0.023809523809523808,0.023148148148148147,0.02513227513227513,0.005291005291005291
Здоровье,20261001,-20,ramp,ewma,1,504,1512,0.23634802983708952,0.0,0.003968253968253968,0.00992063492063492,0.07936507936507936,0.07936507936507936,4.0,0.057539682539682536,0.10714285714285714,0.06613756613756613,0.07539682539682539,0.02513227513227513
Здоровье,20261001,-20,ramp,cusum,1,504,1512,0.6654177877444858,0.0,0.003968253968253968,0.03968253968253968,0.2619047619047619,0.2619047619047619,4.0,0.18253968253968253,0.32341269841269843,0.17394179894179895,0.1865079365079365,0.057539682539682536
Здоровье,20261001,20,step,spike,0,504,1512,0.4451641519954342,0.015873015873015872,0.023809523809523808,0.02976190476190476,0.07341269841269842,0.057539682539682536,3.0,0.02976190476190476,0.08333333333333333,0.025793650793650792,0.023148148148148147,0.001984126984126984
Здоровье,20261001,20,step,rolling_3m,0,504,1512,0.3399031820990008,0.001984126984126984,0.007936507936507936,0.01984126984126984,0.09523809523809523,0.09325396825396826,4.0,0.023809523809523808,0.10119047619047619,0.023148148148148147,0.023148148148148147,0.003968253968253968
Здоровье,20261001,20,step,ewma,0,504,1512,0.23634802983708952,0.01984126984126984,0.06547619047619048,0.10912698412698413,0.24801587301587302,0.22817460317460317,3.0,0.057539682539682536,0.251984126984127,0.06613756613756613,0.061507936507936505,0.01521164021164021
Здоровье,20261001,20,step,cusum,0,504,1512,0.6654177877444858,0.017857142857142856,0.07341269841269842,0.20833333333333334,0.6111111111111112,0.5932539682539683,3.0,0.18253968253968253,0.6349206349206349,0.17394179894179895,0.17063492063492064,0.0496031746031746
Здоровье,20261001,20,pulse,spike,0,504,1512,0.4451641519954342,0.015873015873015872,0.015873015873015872,0.015873015873015872,0.015873015873015872,0.0,0.0,0.02976190476190476,0.037698412698412696,0.025793650793650792,0.026455026455026454,0.0006613756613756613
Здоровье,20261001,20,pulse,rolling_3m,0,504,1512,0.3399031820990008,0.001984126984126984,0.003968253968253968,0.005952380952380952,0.005952380952380952,0.003968253968253968,1.0,0.023809523809523808,0.023809523809523808,0.023148148148148147,0.022486772486772486,0.0006613756613756613
Здоровье,20261001,20,pulse,ewma,0,504,1512,0.23634802983708952,0.01984126984126984,0.025793650793650792,0.025793650793650792,0.031746031746031744,0.011904761904761904,0.0,0.057539682539682536,0.07142857142857142,0.06613756613756613,0.06613756613756613,0.0026455026455026454
Здоровье,20261001,20,pulse,cusum,0,504,1512,0.6654177877444858,0.017857142857142856,0.03373015873015873,0.0496031746031746,0.12301587301587301,0.10515873015873016,3.0,0.18253968253968253,0.21428571428571427,0.17394179894179895,0.17261904761904762,0.007936507936507936
Здоровье,20261001,20,ramp,spike,1,504,1512,0.4451641519954342,0.0,0.001984126984126984,0.00992063492063492,0.03373015873015873,0.03373015873015873,3.0,0.02976190476190476,0.05357142857142857,0.025793650793650792,0.023809523809523808,0.001984126984126984
Здоровье,20261001,20,ramp,rolling_3m,1,504,1512,0.3399031820990008,0.0,0.001984126984126984,0.003968253968253968,0.05952380952380952,0.05952380952380952,4.0,0.023809523809523808,0.07142857142857142,0.023148148148148147,0.022486772486772486,0.001984126984126984
Здоровье,20261001,20,ramp,ewma,1,504,1512,0.23634802983708952,0.001984126984126984,0.003968253968253968,0.03571428571428571,0.14087301587301587,0.1388888888888889,3.0,0.057539682539682536,0.16071428571428573,0.06613756613756613,0.06283068783068783,0.011904761904761904
Здоровье,20261001,20,ramp,cusum,1,504,1512,0.6654177877444858,0.005952380952380952,0.015873015873015872,0.05952380952380952,0.22817460317460317,0.2222222222222222,3.0,0.18253968253968253,0.31547619047619047,0.17394179894179895,0.17526455026455026,0.02976190476190476
Здоровье,20261002,-20,step,spike,0,504,1512,0.4451641519954342,0.007936507936507936,0.021825396825396824,0.027777777777777776,0.04365079365079365,0.03571428571428571,1.5,0.017857142857142856,0.04365079365079365,0.02976190476190476,0.031746031746031744,0.00992063492063492
Здоровье,20261002,-20,step,rolling_3m,0,504,1512,0.3399031820990008,0.001984126984126984,0.007936507936507936,0.023809523809523808,0.07142857142857142,0.06944444444444445,3.0,0.017857142857142856,0.07142857142857142,0.02513227513227513,0.02976190476190476,0.00992063492063492
Здоровье,20261002,-20,step,ewma,0,504,1512,0.23634802983708952,0.003968253968253968,0.03571428571428571,0.09722222222222222,0.2857142857142857,0.28174603174603174,3.0,0.061507936507936505,0.2876984126984127,0.06481481481481481,0.07738095238095238,0.037698412698412696
Здоровье,20261002,-20,step,cusum,0,504,1512,0.6654177877444858,0.001984126984126984,0.0496031746031746,0.29563492063492064,0.748015873015873,0.746031746031746,3.0,0.19246031746031747,0.7698412698412699,0.17063492063492064,0.20965608465608465,0.10912698412698413
Здоровье,20261002,-20,pulse,spike,0,504,1512,0.4451641519954342,0.007936507936507936,0.007936507936507936,0.007936507936507936,0.007936507936507936,0.0,0.0,0.017857142857142856,0.025793650793650792,0.02976190476190476,0.02976190476190476,0.001984126984126984
Здоровье,20261002,-20,pulse,rolling_3m,0,504,1512,0.3399031820990008,0.001984126984126984,0.003968253968253968,0.00992063492063492,0.00992063492063492,0.007936507936507936,2.0,0.017857142857142856,0.021825396825396824,0.02513227513227513,0.02513227513227513,0.0
Здоровье,20261002,-20,pulse,ewma,0,504,1512,0.23634802983708952,0.003968253968253968,0.011904761904761904,0.011904761904761904,0.015873015873015872,0.011904761904761904,1.0,0.061507936507936505,0.05555555555555555,0.06481481481481481,0.06547619047619048,0.006613756613756613
Здоровье,20261002,-20,pulse,cusum,0,504,1512,0.6654177877444858,0.001984126984126984,0.015873015873015872,0.023809523809523808,0.07936507936507936,0.07738095238095238,3.5,0.19246031746031747,0.19444444444444445,0.17063492063492064,0.17592592592592593,0.027777777777777776
Здоровье,20261002,-20,ramp,spike,1,504,1512,0.4451641519954342,0.0,0.0,0.003968253968253968,0.01984126984126984,0.01984126984126984,3.5,0.017857142857142856,0.023809523809523808,0.02976190476190476,0.031084656084656083,0.005291005291005291
Здоровье,20261002,-20,ramp,rolling_3m,1,504,1512,0.3399031820990008,0.0,0.005952380952380952,0.013888888888888888,0.023809523809523808,0.023809523809523808,2.0,0.017857142857142856,0.027777777777777776,0.02513227513227513,0.027777777777777776,0.006613756613756613
Здоровье,20261002,-20,ramp,ewma,1,504,1512,0.23634802983708952,0.0,0.007936507936507936,0.021825396825396824,0.09523809523809523,0.09523809523809523,4.0,0.061507936507936505,0.1130952380952381,0.06481481481481481,0.07539682539682539,0.026455026455026454
Здоровье,20261002,-20,ramp,cusum,1,504,1512,0.6654177877444858,0.003968253968253968,0.005952380952380952,0.025793650793650792,0.2698412698412698,0.26587301587301587,4.0,0.19246031746031747,0.3392857142857143,0.17063492063492064,0.1884920634920635,0.05555555555555555
Здоровье,20261002,20,step,spike,0,504,1512,0.4451641519954342,0.00992063492063492,0.021825396825396824,0.023809523809523808,0.05952380952380952,0.0496031746031746,3.0,0.017857142857142856,0.06547619047619048,0.02976190476190476,0.0291005291005291,0.0026455026455026454
Здоровье,20261002,20,step,rolling_3m,0,504,1512,0.3399031820990008,0.001984126984126984,0.005952380952380952,0.031746031746031744,0.09722222222222222,0.09523809523809523,3.0,0.017857142857142856,0.10119047619047619,0.02513227513227513,0.02513227513227513,0.0033068783068783067
Здоровье,20261002,20,step,ewma,0,504,1512,0.23634802983708952,0.00992063492063492,0.07341269841269842,0.14285714285714285,0.23809523809523808,0.22817460317460317,2.0,0.061507936507936505,0.24603174603174602,0.06481481481481481,0.06283068783068783,0.011243386243386243
Здоровье,20261002,20,step,cusum,0,504,1512,0.6654177877444858,0.013888888888888888,0.09325396825396826,0.21825396825396826,0.6011904761904762,0.5873015873015873,3.0,0.19246031746031747,0.628968253968254,0.17063492063492064,0.1693121693121693,0.047619047619047616
Здоровье,20261002,20,pulse,spike,0,504,1512,0.4451641519954342,0.00992063492063492,0.00992063492063492,0.00992063492063492,0.00992063492063492,0.0,0.0,0.017857142857142856,0.01984126984126984,0.02976190476190476,0.03042328042328042,0.0006613756613756613
Здоровье,20261002,20,pulse,rolling_3m,0,504,1512,0.3399031820990008,0.001984126984126984,0.003968253968253968,0.005952380952380952,0.005952380952380952,0.003968253968253968,1.0,0.017857142857142856,0.015873015873015872,0.02513227513227513,0.02513227513227513,0.0006613756613756613
Здоровье,20261002,20,pulse,ewma,0,504,1512,0.23634802983708952,0.00992063492063492,0.015873015873015872,0.015873015873015872,0.021825396825396824,0.011904761904761904,1.0,0.061507936507936505,0.07142857142857142,0.06481481481481481,0.06481481481481481,0.0026455026455026454
Здоровье,20261002,20,pulse,cusum,0,504,1512,0.6654177877444858,0.013888888888888888,0.041666666666666664,0.07142857142857142,0.12896825396825398,0.11507936507936507,2.0,0.19246031746031747,0.20634920634920634,0.17063492063492064,0.1693121693121693,0.005952380952380952
Здоровье,20261002,20,ramp,spike,1,504,1512,0.4451641519954342,0.001984126984126984,0.003968253968253968,0.00992063492063492,0.02976190476190476,0.027777777777777776,3.0,0.017857142857142856,0.041666666666666664,0.02976190476190476,0.02976190476190476,0.0026455026455026454
Здоровье,20261002,20,ramp,rolling_3m,1,504,1512,0.3399031820990008,0.0,0.003968253968253968,0.007936507936507936,0.04563492063492063,0.04563492063492063,4.0,0.017857142857142856,0.057539682539682536,0.02513227513227513,0.02447089947089947,0.001984126984126984
Здоровье,20261002,20,ramp,ewma,1,504,1512,0.23634802983708952,0.0,0.001984126984126984,0.027777777777777776,0.12698412698412698,0.12698412698412698,3.0,0.061507936507936505,0.1488095238095238,0.06481481481481481,0.06481481481481481,0.009259259259259259
Здоровье,20261002,20,ramp,cusum,1,504,1512,0.6654177877444858,0.003968253968253968,0.021825396825396824,0.06746031746031746,0.2261904761904762,0.2222222222222222,3.0,0.19246031746031747,0.31547619047619047,0.17063492063492064,0.17195767195767195,0.022486772486772486
Здоровье,20261003,-20,step,spike,0,504,1512,0.4451641519954342,0.00992063492063492,0.021825396825396824,0.025793650793650792,0.057539682539682536,0.047619047619047616,3.0,0.027777777777777776,0.06349206349206349,0.026455026455026454,0.028439153439153438,0.009259259259259259
Здоровье,20261003,-20,step,rolling_3m,0,504,1512,0.3399031820990008,0.0,0.013888888888888888,0.025793650793650792,0.06746031746031746,0.06746031746031746,3.0,0.027777777777777776,0.06944444444444445,0.021825396825396824,0.027116402116402115,0.010582010582010581
Здоровье,20261003,-20,step,ewma,0,504,1512,0.23634802983708952,0.011904761904761904,0.03968253968253968,0.08531746031746032,0.29365079365079366,0.28174603174603174,3.0,0.06746031746031746,0.2996031746031746,0.06283068783068783,0.08134920634920635,0.04497354497354497
Здоровье,20261003,-20,step,cusum,0,504,1512,0.6654177877444858,0.003968253968253968,0.041666666666666664,0.27380952380952384,0.7996031746031746,0.7956349206349206,3.0,0.18055555555555555,0.8253968253968254,0.1746031746031746,0.21626984126984128,0.11772486772486772
Здоровье,20261003,-20,pulse,spike,0,504,1512,0.4451641519954342,0.00992063492063492,0.00992063492063492,0.00992063492063492,0.00992063492063492,0.0,0.0,0.027777777777777776,0.03373015873015873,0.026455026455026454,0.027116402116402115,0.001984126984126984
Здоровье,20261003,-20,pulse,rolling_3m,0,504,1512,0.3399031820990008,0.0,0.003968253968253968,0.007936507936507936,0.007936507936507936,0.007936507936507936,1.5,0.027777777777777776,0.02976190476190476,0.021825396825396824,0.021825396825396824,0.0006613756613756613
Здоровье,20261003,-20,pulse,ewma,0,504,1512,0.23634802983708952,0.011904761904761904,0.017857142857142856,0.01984126984126984,0.021825396825396824,0.00992063492063492,0.0,0.06746031746031746,0.06746031746031746,0.06283068783068783,0.06349206349206349,0.006613756613756613
Здоровье,20261003,-20,pulse,cusum,0,504,1512,0.6654177877444858,0.003968253968253968,0.01984126984126984,0.027777777777777776,0.07341269841269842,0.06944444444444445,3.0,0.18055555555555555,0.17857142857142858,0.1746031746031746,0.17857142857142858,0.03306878306878307
Здоровье,20261003,-20,ramp,spike,1,504,1512,0.4451641519954342,0.0,0.0,0.00992063492063492,0.031746031746031744,0.031746031746031744,4.0,0.027777777777777776,0.04563492063492063,0.026455026455026454,0.027777777777777776,0.005952380952380952
Здоровье,20261003,-20,ramp,rolling_3m,1,504,1512,0.3399031820990008,0.001984126984126984,0.001984126984126984,0.00992063492063492,0.023809523809523808,0.021825396825396824,3.5,0.027777777777777776,0.03373015873015873,0.021825396825396824,0.025793650793650792,0.007275132275132275
Здоровье,20261003,-20,ramp,ewma,1,504,1512,0.23634802983708952,0.0,0.007936507936507936,0.023809523809523808,0.09523809523809523,0.09523809523809523,4.0,0.06746031746031746,0.11904761904761904,0.06283068783068783,0.07671957671957672,0.028439153439153438
Здоровье,20261003,-20,ramp,cusum,1,504,1512,0.6654177877444858,0.003968253968253968,0.005952380952380952,0.031746031746031744,0.25992063492063494,0.25595238095238093,4.0,0.18055555555555555,0.3253968253968254,0.1746031746031746,0.19246031746031747,0.06283068783068783
Здоровье,20261003,20,step,spike,0,504,1512,0.4451641519954342,0.005952380952380952,0.01984126984126984,0.027777777777777776,0.05357142857142857,0.047619047619047616,2.0,0.027777777777777776,0.06944444444444445,0.026455026455026454,0.023148148148148147,0.0013227513227513227
Здоровье,20261003,20,step,rolling_3m,0,504,1512,0.3399031820990008,0.0,0.005952380952380952,0.031746031746031744,0.08928571428571429,0.08928571428571429,3.0,0.027777777777777776,0.10317460317460317,0.021825396825396824,0.021825396825396824,0.003968253968253968
Здоровье,20261003,20,step,ewma,0,504,1512,0.23634802983708952,0.013888888888888888,0.06349206349206349,0.1111111111111111,0.20436507936507936,0.19047619047619047,2.0,0.06746031746031746,0.22023809523809523,0.06283068783068783,0.057539682539682536,0.010582010582010581
Здоровье,20261003,20,step,cusum,0,504,1512,0.6654177877444858,0.013888888888888888,0.06944444444444445,0.1746031746031746,0.5912698412698413,0.5773809523809523,3.0,0.18055555555555555,0.623015873015873,0.1746031746031746,0.17394179894179895,0.047619047619047616
Здоровье,20261003,20,pulse,spike,0,504,1512,0.4451641519954342,0.005952380952380952,0.005952380952380952,0.005952380952380952,0.005952380952380952,0.0,0.0,0.027777777777777776,0.02976190476190476,0.026455026455026454,0.027116402116402115,0.0006613756613756613
Здоровье,20261003,20,pulse,rolling_3m,0,504,1512,0.3399031820990008,0.0,0.001984126984126984,0.003968253968253968,0.003968253968253968,0.003968253968253968,1.5,0.027777777777777776,0.031746031746031744,0.021825396825396824,0.021825396825396824,0.0006613756613756613
Здоровье,20261003,20,pulse,ewma,0,504,1512,0.23634802983708952,0.013888888888888888,0.017857142857142856,0.017857142857142856,0.017857142857142856,0.003968253968253968,0.0,0.06746031746031746,0.06746031746031746,0.06283068783068783,0.06283068783068783,0.001984126984126984
Здоровье,20261003,20,pulse,cusum,0,504,1512,0.6654177877444858,0.013888888888888888,0.03571428571428571,0.051587301587301584,0.1111111111111111,0.09722222222222222,3.0,0.18055555555555555,0.19246031746031747,0.1746031746031746,0.1712962962962963,0.005952380952380952
Здоровье,20261003,20,ramp,spike,1,504,1512,0.4451641519954342,0.001984126984126984,0.005952380952380952,0.00992063492063492,0.025793650793650792,0.023809523809523808,3.0,0.027777777777777776,0.0496031746031746,0.026455026455026454,0.023809523809523808,0.0013227513227513227
Здоровье,20261003,20,ramp,rolling_3m,1,504,1512,0.3399031820990008,0.0,0.0,0.007936507936507936,0.037698412698412696,0.037698412698412696,4.0,0.027777777777777776,0.05952380952380952,0.021825396825396824,0.0205026455026455,0.001984126984126984
Здоровье,20261003,20,ramp,ewma,1,504,1512,0.23634802983708952,0.001984126984126984,0.005952380952380952,0.015873015873015872,0.10515873015873016,0.10317460317460317,3.0,0.06746031746031746,0.1388888888888889,0.06283068783068783,0.05952380952380952,0.009259259259259259
Здоровье,20261003,20,ramp,cusum,1,504,1512,0.6654177877444858,0.001984126984126984,0.015873015873015872,0.0496031746031746,0.1865079365079365,0.18452380952380953,3.0,0.18055555555555555,0.2777777777777778,0.1746031746031746,0.1765873015873016,0.02513227513227513
Здоровье,20261004,-20,step,spike,0,504,1512,0.4451641519954342,0.00992063492063492,0.027777777777777776,0.03571428571428571,0.06349206349206349,0.05357142857142857,2.0,0.021825396825396824,0.06746031746031746,0.028439153439153438,0.031084656084656083,0.011243386243386243
Здоровье,20261004,-20,step,rolling_3m,0,504,1512,0.3399031820990008,0.001984126984126984,0.011904761904761904,0.02976190476190476,0.07936507936507936,0.07738095238095238,3.0,0.01984126984126984,0.08134920634920635,0.02447089947089947,0.0291005291005291,0.009259259259259259
Здоровье,20261004,-20,step,ewma,0,504,1512,0.23634802983708952,0.011904761904761904,0.05357142857142857,0.11904761904761904,0.3273809523809524,0.31547619047619047,3.0,0.06349206349206349,0.33134920634920634,0.06415343915343916,0.0787037037037037,0.03505291005291005
Здоровье,20261004,-20,step,cusum,0,504,1512,0.6654177877444858,0.003968253968253968,0.05357142857142857,0.2976190476190476,0.7876984126984127,0.7837301587301587,3.0,0.1746031746031746,0.8154761904761905,0.1765873015873016,0.20634920634920634,0.0992063492063492
Здоровье,20261004,-20,pulse,spike,0,504,1512,0.4451641519954342,0.00992063492063492,0.00992063492063492,0.00992063492063492,0.00992063492063492,0.0,0.0,0.021825396825396824,0.031746031746031744,0.028439153439153438,0.028439153439153438,0.001984126984126984
Здоровье,20261004,-20,pulse,rolling_3m,0,504,1512,0.3399031820990008,0.001984126984126984,0.005952380952380952,0.00992063492063492,0.00992063492063492,0.007936507936507936,1.0,0.01984126984126984,0.023809523809523808,0.02447089947089947,0.02447089947089947,0.0006613756613756613
Здоровье,20261004,-20,pulse,ewma,0,504,1512,0.23634802983708952,0.011904761904761904,0.017857142857142856,0.01984126984126984,0.023809523809523808,0.011904761904761904,0.5,0.06349206349206349,0.05952380952380952,0.06415343915343916,0.06349206349206349,0.004629629629629629
Здоровье,20261004,-20,pulse,cusum,0,504,1512,0.6654177877444858,0.003968253968253968,0.013888888888888888,0.02976190476190476,0.07738095238095238,0.07341269841269842,3.0,0.1746031746031746,0.1765873015873016,0.1765873015873016,0.18055555555555555,0.028439153439153438
Здоровье,20261004,-20,ramp,spike,1,504,1512,0.4451641519954342,0.0,0.0,0.003968253968253968,0.025793650793650792,0.025793650793650792,4.0,0.021825396825396824,0.037698412698412696,0.028439153439153438,0.03042328042328042,0.006613756613756613
Здоровье,20261004,-20,ramp,rolling_3m,1,504,1512,0.3399031820990008,0.0,0.003968253968253968,0.007936507936507936,0.023809523809523808,0.023809523809523808,3.0,0.01984126984126984,0.031746031746031744,0.02447089947089947,0.027777777777777776,0.007275132275132275
Здоровье,20261004,-20,ramp,ewma,1,504,1512,0.23634802983708952,0.0,0.00992063492063492,0.021825396825396824,0.09523809523809523,0.09523809523809523,4.0,0.06349206349206349,0.1111111111111111,0.06415343915343916,0.07605820105820106,0.02447089947089947
Здоровье,20261004,-20,ramp,cusum,1,504,1512,0.6654177877444858,0.0,0.007936507936507936,0.031746031746031744,0.27380952380952384,0.27380952380952384,4.0,0.1746031746031746,0.3472222222222222,0.1765873015873016,0.1917989417989418,0.0582010582010582
Здоровье,20261004,20,step,spike,0,504,1512,0.4451641519954342,0.003968253968253968,0.021825396825396824,0.02976190476190476,0.05952380952380952,0.05555555555555555,2.5,0.021825396825396824,0.07142857142857142,0.028439153439153438,0.025793650793650792,0.001984126984126984
Здоровье,20261004,20,step,rolling_3m,0,504,1512,0.3399031820990008,0.0,0.007936507936507936,0.025793650793650792,0.08333333333333333,0.08333333333333333,3.0,0.01984126984126984,0.0873015873015873,0.02447089947089947,0.02513227513227513,0.004629629629629629
Здоровье,20261004,20,step,ewma,0,504,1512,0.23634802983708952,0.013888888888888888,0.06547619047619048,0.10714285714285714,0.23214285714285715,0.21825396825396826,3.0,0.06349206349206349,0.23809523809523808,0.06415343915343916,0.06084656084656084,0.00992063492063492
Здоровье,20261004,20,step,cusum,0,504,1512,0.6654177877444858,0.013888888888888888,0.057539682539682536,0.19246031746031747,0.6011904761904762,0.5873015873015873,3.0,0.1746031746031746,0.628968253968254,0.1765873015873016,0.1746031746031746,0.0496031746031746
Здоровье,20261004,20,pulse,spike,0,504,1512,0.4451641519954342,0.003968253968253968,0.003968253968253968,0.003968253968253968,0.003968253968253968,0.0,0.0,0.021825396825396824,0.023809523809523808,0.028439153439153438,0.0291005291005291,0.0006613756613756613
Здоровье,20261004,20,pulse,rolling_3m,0,504,1512,0.3399031820990008,0.0,0.0,0.003968253968253968,0.003968253968253968,0.003968253968253968,2.0,0.01984126984126984,0.017857142857142856,0.02447089947089947,0.02447089947089947,0.0006613756613756613
Здоровье,20261004,20,pulse,ewma,0,504,1512,0.23634802983708952,0.013888888888888888,0.017857142857142856,0.01984126984126984,0.027777777777777776,0.013888888888888888,0.5,0.06349206349206349,0.07341269841269842,0.06415343915343916,0.06349206349206349,0.0013227513227513227
Здоровье,20261004,20,pulse,cusum,0,504,1512,0.6654177877444858,0.013888888888888888,0.037698412698412696,0.047619047619047616,0.12301587301587301,0.10912698412698413,3.0,0.1746031746031746,0.1984126984126984,0.1765873015873016,0.17526455026455026,0.008597883597883597
Здоровье,20261004,20,ramp,spike,1,504,1512,0.4451641519954342,0.0,0.003968253968253968,0.005952380952380952,0.027777777777777776,0.027777777777777776,3.0,0.021825396825396824,0.04365079365079365,0.028439153439153438,0.026455026455026454,0.001984126984126984
Здоровье,20261004,20,ramp,rolling_3m,1,504,1512,0.3399031820990008,0.0,0.001984126984126984,0.007936507936507936,0.047619047619047616,0.047619047619047616,4.0,0.01984126984126984,0.057539682539682536,0.02447089947089947,0.023809523809523808,0.001984126984126984
Здоровье,20261004,20,ramp,ewma,1,504,1512,0.23634802983708952,0.001984126984126984,0.007936507936507936,0.02976190476190476,0.125,0.12301587301587301,3.0,0.06349206349206349,0.1488095238095238,0.06415343915343916,0.06283068783068783,0.007936507936507936
Здоровье,20261004,20,ramp,cusum,1,504,1512,0.6654177877444858,0.003968253968253968,0.013888888888888888,0.057539682539682536,0.2261904761904762,0.2222222222222222,3.0,0.1746031746031746,0.30158730158730157,0.1765873015873016,0.1746031746031746,0.023809523809523808
Здоровье,20261005,-20,step,spike,0,504,1512,0.4451641519954342,0.007936507936507936,0.015873015873015872,0.02976190476190476,0.05952380952380952,0.051587301587301584,2.5,0.02976190476190476,0.06547619047619048,0.025793650793650792,0.02976190476190476,0.008597883597883597
Здоровье,20261005,-20,step,rolling_3m,0,504,1512,0.3399031820990008,0.0,0.015873015873015872,0.02976190476190476,0.07341269841269842,0.07341269841269842,3.0,0.03373015873015873,0.07539682539682539,0.01984126984126984,0.025793650793650792,0.008597883597883597
Здоровье,20261005,-20,step,ewma,0,504,1512,0.23634802983708952,0.011904761904761904,0.03968253968253968,0.11507936507936507,0.30158730158730157,0.2896825396825397,3.0,0.07539682539682539,0.3134920634920635,0.06018518518518518,0.07076719576719577,0.03439153439153439
Здоровье,20261005,-20,step,cusum,0,504,1512,0.6654177877444858,0.005952380952380952,0.041666666666666664,0.2837301587301587,0.7638888888888888,0.7579365079365079,3.0,0.17063492063492064,0.7956349206349206,0.1779100529100529,0.2056878306878307,0.10317460317460317
Здоровье,20261005,-20,pulse,spike,0,504,1512,0.4451641519954342,0.007936507936507936,0.007936507936507936,0.007936507936507936,0.007936507936507936,0.0,0.0,0.02976190476190476,0.037698412698412696,0.025793650793650792,0.025793650793650792,0.001984126984126984
Здоровье,20261005,-20,pulse,rolling_3m,0,504,1512,0.3399031820990008,0.0,0.005952380952380952,0.00992063492063492,0.00992063492063492,0.00992063492063492,1.0,0.03373015873015873,0.041666666666666664,0.01984126984126984,0.01984126984126984,0.0
Здоровье,20261005,-20,pulse,ewma,0,504,1512,0.23634802983708952,0.011904761904761904,0.017857142857142856,0.01984126984126984,0.021825396825396824,0.00992063492063492,0.0,0.07539682539682539,0.07142857142857142,0.06018518518518518,0.05952380952380952,0.003968253968253968
Здоровье,20261005,-20,pulse,cusum,0,504,1512,0.6654177877444858,0.005952380952380952,0.013888888888888888,0.021825396825396824,0.07341269841269842,0.06746031746031746,4.0,0.17063492063492064,0.1884920634920635,0.1779100529100529,0.18253968253968253,0.03042328042328042
Здоровье,20261005,-20,ramp,spike,1,504,1512,0.4451641519954342,0.0,0.0,0.003968253968253968,0.02976190476190476,0.02976190476190476,3.0,0.02976190476190476,0.04365079365079365,0.025793650793650792,0.0291005291005291,0.004629629629629629
Здоровье,20261005,-20,ramp,rolling_3m,1,504,1512,0.3399031820990008,0.0,0.001984126984126984,0.00992063492063492,0.021825396825396824,0.021825396825396824,3.0,0.03373015873015873,0.03373015873015873,0.01984126984126984,0.02447089947089947,0.006613756613756613
Здоровье,20261005,-20,ramp,ewma,1,504,1512,0.23634802983708952,0.0,0.00992063492063492,0.01984126984126984,0.10119047619047619,0.10119047619047619,4.0,0.07539682539682539,0.1349206349206349,0.06018518518518518,0.0701058201058201,0.023809523809523808
Здоровье,20261005,-20,ramp,cusum,1,504,1512,0.6654177877444858,0.003968253968253968,0.00992063492063492,0.027777777777777776,0.26785714285714285,0.2638888888888889,4.0,0.17063492063492064,0.35714285714285715,0.1779100529100529,0.1917989417989418,0.062169312169312166
Здоровье,20261005,20,step,spike,0,504,1512,0.4451641519954342,0.007936507936507936,0.021825396825396824,0.027777777777777776,0.07738095238095238,0.06944444444444445,3.0,0.02976190476190476,0.08531746031746032,0.025793650793650792,0.023148148148148147,0.0013227513227513227
Здоровье,20261005,20,step,rolling_3m,0,504,1512,0.3399031820990008,0.0,0.013888888888888888,0.02976190476190476,0.09523809523809523,0.09523809523809523,3.0,0.03373015873015873,0.10119047619047619,0.01984126984126984,0.017857142857142856,0.0026455026455026454
Здоровье,20261005,20,step,ewma,0,504,1512,0.23634802983708952,0.015873015873015872,0.06349206349206349,0.11904761904761904,0.23214285714285715,0.21626984126984128,2.0,0.07539682539682539,0.24404761904761904,0.06018518518518518,0.057539682539682536,0.010582010582010581
Здоровье,20261005,20,step,cusum,0,504,1512,0.6654177877444858,0.017857142857142856,0.06746031746031746,0.19642857142857142,0.5853174603174603,0.5674603174603174,3.0,0.17063492063492064,0.621031746031746,0.1779100529100529,0.1712962962962963,0.05026455026455026
Здоровье,20261005,20,pulse,spike,0,504,1512,0.4451641519954342,0.007936507936507936,0.007936507936507936,0.007936507936507936,0.007936507936507936,0.0,0.0,0.02976190476190476,0.03373015873015873,0.025793650793650792,0.026455026455026454,0.0006613756613756613
Здоровье,20261005,20,pulse,rolling_3m,0,504,1512,0.3399031820990008,0.0,0.001984126984126984,0.003968253968253968,0.003968253968253968,0.003968253968253968,1.5,0.03373015873015873,0.031746031746031744,0.01984126984126984,0.01917989417989418,0.0013227513227513227
Здоровье,20261005,20,pulse,ewma,0,504,1512,0.23634802983708952,0.015873015873015872,0.017857142857142856,0.01984126984126984,0.031746031746031744,0.015873015873015872,0.5,0.07539682539682539,0.08531746031746032,0.06018518518518518,0.06018518518518518,0.001984126984126984
Здоровье,20261005,20,pulse,cusum,0,504,1512,0.6654177877444858,0.017857142857142856,0.037698412698412696,0.05357142857142857,0.1130952380952381,0.09523809523809523,3.0,0.17063492063492064,0.2003968253968254,0.1779100529100529,0.17592592592592593,0.007275132275132275
Здоровье,20261005,20,ramp,spike,1,504,1512,0.4451641519954342,0.0,0.001984126984126984,0.011904761904761904,0.03968253968253968,0.03968253968253968,3.0,0.02976190476190476,0.051587301587301584,0.025793650793650792,0.023809523809523808,0.0013227513227513227
Здоровье,20261005,20,ramp,rolling_3m,1,504,1512,0.3399031820990008,0.0,0.001984126984126984,0.011904761904761904,0.05357142857142857,0.05357142857142857,3.0,0.03373015873015873,0.06746031746031746,0.01984126984126984,0.018518518518518517,0.001984126984126984
Здоровье,20261005,20,ramp,ewma,1,504,1512,0.23634802983708952,0.001984126984126984,0.007936507936507936,0.041666666666666664,0.12896825396825398,0.12698412698412698,3.0,0.07539682539682539,0.16071428571428573,0.06018518518518518,0.056878306878306875,0.007936507936507936
Здоровье,20261005,20,ramp,cusum,1,504,1512,0.6654177877444858,0.005952380952380952,0.013888888888888888,0.0496031746031746,0.2261904761904762,0.22023809523809523,3.0,0.17063492063492064,0.32341269841269843,0.1779100529100529,0.17394179894179895,0.025793650793650792
Здоровье,20261006,-20,step,spike,0,504,1512,0.4451641519954342,0.013888888888888888,0.025793650793650792,0.025793650793650792,0.04365079365079365,0.02976190476190476,1.0,0.021825396825396824,0.047619047619047616,0.028439153439153438,0.03306878306878307,0.011243386243386243
Здоровье,20261006,-20,step,rolling_3m,0,504,1512,0.3399031820990008,0.001984126984126984,0.021825396825396824,0.027777777777777776,0.06746031746031746,0.06547619047619048,3.0,0.00992063492063492,0.06746031746031746,0.027777777777777776,0.032407407407407406,0.010582010582010581
Здоровье,20261006,-20,step,ewma,0,504,1512,0.23634802983708952,0.015873015873015872,0.041666666666666664,0.10119047619047619,0.30158730158730157,0.2857142857142857,3.0,0.05952380952380952,0.3055555555555556,0.06547619047619048,0.08068783068783068,0.037037037037037035
Здоровье,20261006,-20,step,cusum,0,504,1512,0.6654177877444858,0.015873015873015872,0.0496031746031746,0.2619047619047619,0.751984126984127,0.7361111111111112,3.0,0.18253968253968253,0.7658730158730159,0.17394179894179895,0.2037037037037037,0.09722222222222222
Здоровье,20261006,-20,pulse,spike,0,504,1512,0.4451641519954342,0.013888888888888888,0.013888888888888888,0.013888888888888888,0.013888888888888888,0.0,0.0,0.021825396825396824,0.031746031746031744,0.028439153439153438,0.0291005291005291,0.0013227513227513227
Здоровье,20261006,-20,pulse,rolling_3m,0,504,1512,0.3399031820990008,0.001984126984126984,0.005952380952380952,0.00992063492063492,0.00992063492063492,0.007936507936507936,1.0,0.00992063492063492,0.015873015873015872,0.027777777777777776,0.027777777777777776,0.0006613756613756613
Здоровье,20261006,-20,pulse,ewma,0,504,1512,0.23634802983708952,0.015873015873015872,0.01984126984126984,0.021825396825396824,0.021825396825396824,0.005952380952380952,0.0,0.05952380952380952,0.05555555555555555,0.06547619047619048,0.06613756613756613,0.005952380952380952
Здоровье,20261006,-20,pulse,cusum,0,504,1512,0.6654177877444858,0.015873015873015872,0.025793650793650792,0.031746031746031744,0.07936507936507936,0.06349206349206349,3.0,0.18253968253968253,0.18452380952380953,0.17394179894179895,0.17923280423280424,0.03042328042328042
Здоровье,20261006,-20,ramp,spike,1,504,1512,0.4451641519954342,0.0,0.0,0.003968253968253968,0.017857142857142856,0.017857142857142856,3.0,0.021825396825396824,0.02976190476190476,0.028439153439153438,0.031084656084656083,0.006613756613756613
Здоровье,20261006,-20,ramp,rolling_3m,1,504,1512,0.3399031820990008,0.0,0.001984126984126984,0.001984126984126984,0.013888888888888888,0.013888888888888888,4.0,0.00992063492063492,0.01984126984126984,0.027777777777777776,0.031746031746031744,0.007936507936507936
Здоровье,20261006,-20,ramp,ewma,1,504,1512,0.23634802983708952,0.0,0.003968253968253968,0.021825396825396824,0.0873015873015873,0.0873015873015873,4.0,0.05952380952380952,0.0992063492063492,0.06547619047619048,0.07804232804232804,0.027777777777777776
Здоровье,20261006,-20,ramp,cusum,1,504,1512,0.6654177877444858,0.001984126984126984,0.00992063492063492,0.025793650793650792,0.26785714285714285,0.26587301587301587,4.0,0.18253968253968253,0.3392857142857143,0.17394179894179895,0.1884920634920635,0.05489417989417989
Здоровье,20261006,20,step,spike,0,504,1512,0.4451641519954342,0.005952380952380952,0.015873015873015872,0.023809523809523808,0.06547619047619048,0.05952380952380952,3.0,0.021825396825396824,0.06944444444444445,0.028439153439153438,0.02513227513227513,0.001984126984126984
Здоровье,20261006,20,step,rolling_3m,0,504,1512,0.3399031820990008,0.0,0.005952380952380952,0.02976190476190476,0.10515873015873016,0.10515873015873016,3.0,0.00992063492063492,0.10912698412698413,0.027777777777777776,0.026455026455026454,0.004629629629629629
Здоровье,20261006,20,step,ewma,0,504,1512,0.23634802983708952,0.013888888888888888,0.06746031746031746,0.13095238095238096,0.2400793650793651,0.2261904761904762,2.0,0.05952380952380952,0.24603174603174602,0.06547619047619048,0.06349206349206349,0.013227513227513227
Здоровье,20261006,20,step,cusum,0,504,1512,0.6654177877444858,0.021825396825396824,0.09325396825396826,0.2222222222222222,0.628968253968254,0.6071428571428571,3.0,0.18253968253968253,0.6428571428571429,0.17394179894179895,0.17328042328042328,0.04894179894179894
Здоровье,20261006,20,pulse,spike,0,504,1512,0.4451641519954342,0.005952380952380952,0.005952380952380952,0.005952380952380952,0.005952380952380952,0.0,0.0,0.021825396825396824,0.021825396825396824,0.028439153439153438,0.0291005291005291,0.0006613756613756613
Здоровье,20261006,20,pulse,rolling_3m,0,504,1512,0.3399031820990008,0.0,0.001984126984126984,0.001984126984126984,0.001984126984126984,0.001984126984126984,1.0,0.00992063492063492,0.007936507936507936,0.027777777777777776,0.027116402116402115,0.0013227513227513227
Здоровье,20261006,20,pulse,ewma,0,504,1512,0.23634802983708952,0.013888888888888888,0.013888888888888888,0.017857142857142856,0.023809523809523808,0.00992063492063492,0.0,0.05952380952380952,0.061507936507936505,0.06547619047619048,0.06547619047619048,0.0026455026455026454
Здоровье,20261006,20,pulse,cusum,0,504,1512,0.6654177877444858,0.021825396825396824,0.04365079365079365,0.07539682539682539,0.15476190476190477,0.13293650793650794,3.0,0.18253968253968253,0.21626984126984128,0.17394179894179895,0.17195767195767195,0.006613756613756613
Здоровье,20261006,20,ramp,spike,1,504,1512,0.4451641519954342,0.0,0.001984126984126984,0.011904761904761904,0.041666666666666664,0.041666666666666664,3.0,0.021825396825396824,0.05555555555555555,0.028439153439153438,0.02513227513227513,0.001984126984126984
Здоровье,20261006,20,ramp,rolling_3m,1,504,1512,0.3399031820990008,0.0,0.0,0.001984126984126984,0.03968253968253968,0.03968253968253968,4.0,0.00992063492063492,0.04563492063492063,0.027777777777777776,0.026455026455026454,0.0026455026455026454
Здоровье,20261006,20,ramp,ewma,1,504,1512,0.23634802983708952,0.0,0.00992063492063492,0.041666666666666664,0.14484126984126985,0.14484126984126985,3.0,0.05952380952380952,0.17261904761904762,0.06547619047619048,0.06547619047619048,0.010582010582010581
Здоровье,20261006,20,ramp,cusum,1,504,1512,0.6654177877444858,0.003968253968253968,0.017857142857142856,0.06944444444444445,0.24404761904761904,0.2400793650793651,3.0,0.18253968253968253,0.3253968253968254,0.17394179894179895,0.17328042328042328,0.02447089947089947
Здоровье,20261007,-20,step,spike,0,504,1512,0.4451641519954342,0.00992063492063492,0.017857142857142856,0.023809523809523808,0.0496031746031746,0.03968253968253968,3.0,0.03571428571428571,0.051587301587301584,0.023809523809523808,0.028439153439153438,0.00992063492063492
Здоровье,20261007,-20,step,rolling_3m,0,504,1512,0.3399031820990008,0.001984126984126984,0.011904761904761904,0.023809523809523808,0.06547619047619048,0.06349206349206349,4.0,0.017857142857142856,0.06547619047619048,0.02513227513227513,0.028439153439153438,0.008597883597883597
Здоровье,20261007,-20,step,ewma,0,504,1512,0.23634802983708952,0.015873015873015872,0.041666666666666664,0.08928571428571429,0.2916666666666667,0.2757936507936508,3.0,0.06746031746031746,0.30158730158730157,0.06283068783068783,0.0787037037037037,0.03835978835978836
Здоровье,20261007,-20,step,cusum,0,504,1512,0.6654177877444858,0.007936507936507936,0.06349206349206349,0.2718253968253968,0.7698412698412699,0.7619047619047619,3.0,0.16468253968253968,0.7996031746031746,0.17989417989417988,0.20436507936507936,0.09854497354497355
Здоровье,20261007,-20,pulse,spike,0,504,1512,0.4451641519954342,0.00992063492063492,0.00992063492063492,0.00992063492063492,0.00992063492063492,0.0,0.0,0.03571428571428571,0.041666666666666664,0.023809523809523808,0.023809523809523808,0.0013227513227513227
Здоровье,20261007,-20,pulse,rolling_3m,0,504,1512,0.3399031820990008,0.001984126984126984,0.007936507936507936,0.013888888888888888,0.013888888888888888,0.011904761904761904,1.0,0.017857142857142856,0.025793650793650792,0.02513227513227513,0.02513227513227513,0.0006613756613756613
Здоровье,20261007,-20,pulse,ewma,0,504,1512,0.23634802983708952,0.015873015873015872,0.017857142857142856,0.017857142857142856,0.01984126984126984,0.003968253968253968,0.0,0.06746031746031746,0.06944444444444445,0.06283068783068783,0.06283068783068783,0.004629629629629629
Здоровье,20261007,-20,pulse,cusum,0,504,1512,0.6654177877444858,0.007936507936507936,0.021825396825396824,0.027777777777777776,0.07539682539682539,0.06746031746031746,3.5,0.16468253968253968,0.18055555555555555,0.17989417989417988,0.1832010582010582,0.03306878306878307
Здоровье,20261007,-20,ramp,spike,1,504,1512,0.4451641519954342,0.0,0.0,0.003968253968253968,0.025793650793650792,0.025793650793650792,4.0,0.03571428571428571,0.041666666666666664,0.023809523809523808,0.027116402116402115,0.005952380952380952
Здоровье,20261007,-20,ramp,rolling_3m,1,504,1512,0.3399031820990008,0.0,0.001984126984126984,0.001984126984126984,0.01984126984126984,0.01984126984126984,3.0,0.017857142857142856,0.023809523809523808,0.02513227513227513,0.027777777777777776,0.005952380952380952
Здоровье,20261007,-20,ramp,ewma,1,504,1512,0.23634802983708952,0.0,0.003968253968253968,0.015873015873015872,0.10317460317460317,0.10317460317460317,4.0,0.06746031746031746,0.13293650793650794,0.06283068783068783,0.0787037037037037,0.03042328042328042
Здоровье,20261007,-20,ramp,cusum,1,504,1512,0.6654177877444858,0.003968253968253968,0.00992063492063492,0.031746031746031744,0.2698412698412698,0.26587301587301587,4.0,0.16468253968253968,0.33134920634920634,0.17989417989417988,0.18981481481481483,0.05357142857142857
Здоровье,20261007,20,step,spike,0,504,1512,0.4451641519954342,0.00992063492063492,0.02976190476190476,0.037698412698412696,0.061507936507936505,0.051587301587301584,2.0,0.03571428571428571,0.06944444444444445,0.023809523809523808,0.021164021164021163,0.0026455026455026454
Здоровье,20261007,20,step,rolling_3m,0,504,1512,0.3399031820990008,0.001984126984126984,0.013888888888888888,0.04365079365079365,0.08928571428571429,0.0873015873015873,3.0,0.017857142857142856,0.09523809523809523,0.02513227513227513,0.02447089947089947,0.004629629629629629
Здоровье,20261007,20,step,ewma,0,504,1512,0.23634802983708952,0.01984126984126984,0.06547619047619048,0.125,0.251984126984127,0.23214285714285715,3.0,0.06746031746031746,0.25992063492063494,0.06283068783068783,0.0582010582010582,0.00992063492063492
Здоровье,20261007,20,step,cusum,0,504,1512,0.6654177877444858,0.021825396825396824,0.07936507936507936,0.21626984126984128,0.6190476190476191,0.5972222222222222,3.0,0.16468253968253968,0.6468253968253969,0.17989417989417988,0.17394179894179895,0.046296296296296294
Здоровье,20261007,20,pulse,spike,0,504,1512,0.4451641519954342,0.00992063492063492,0.00992063492063492,0.00992063492063492,0.00992063492063492,0.0,0.0,0.03571428571428571,0.041666666666666664,0.023809523809523808,0.023809523809523808,0.0
Здоровье,20261007,20,pulse,rolling_3m,0,504,1512,0.3399031820990008,0.001984126984126984,0.003968253968253968,0.005952380952380952,0.005952380952380952,0.003968253968253968,1.0,0.017857142857142856,0.01984126984126984,0.02513227513227513,0.02447089947089947,0.0013227513227513227
Здоровье,20261007,20,pulse,ewma,0,504,1512,0.23634802983708952,0.01984126984126984,0.027777777777777776,0.027777777777777776,0.03373015873015873,0.013888888888888888,0.0,0.06746031746031746,0.07142857142857142,0.06283068783068783,0.062169312169312166,0.0013227513227513227
Здоровье,20261007,20,pulse,cusum,0,504,1512,0.6654177877444858,0.021825396825396824,0.037698412698412696,0.05357142857142857,0.13690476190476192,0.11507936507936507,3.0,0.16468253968253968,0.2123015873015873,0.17989417989417988,0.17724867724867724,0.004629629629629629
Здоровье,20261007,20,ramp,spike,1,504,1512,0.4451641519954342,0.001984126984126984,0.005952380952380952,0.017857142857142856,0.02976190476190476,0.027777777777777776,2.0,0.03571428571428571,0.047619047619047616,0.023809523809523808,0.021825396825396824,0.001984126984126984
Здоровье,20261007,20,ramp,rolling_3m,1,504,1512,0.3399031820990008,0.0,0.001984126984126984,0.00992063492063492,0.04365079365079365,0.04365079365079365,4.0,0.017857142857142856,0.051587301587301584,0.02513227513227513,0.02447089947089947,0.0033068783068783067
Здоровье,20261007,20,ramp,ewma,1,504,1512,0.23634802983708952,0.001984126984126984,0.005952380952380952,0.023809523809523808,0.125,0.12301587301587301,3.0,0.06746031746031746,0.1488095238095238,0.06283068783068783,0.06084656084656084,0.008597883597883597
Здоровье,20261007,20,ramp,cusum,1,504,1512,0.6654177877444858,0.0,0.011904761904761904,0.04563492063492063,0.25,0.25,3.0,0.16468253968253968,0.32936507936507936,0.17989417989417988,0.18055555555555555,0.02447089947089947
Здоровье,20261008,-20,step,spike,0,504,1512,0.4451641519954342,0.015873015873015872,0.02976190476190476,0.031746031746031744,0.06547619047619048,0.0496031746031746,3.0,0.037698412698412696,0.07539682539682539,0.023148148148148147,0.028439153439153438,0.009259259259259259
Здоровье,20261008,-20,step,rolling_3m,0,504,1512,0.3399031820990008,0.001984126984126984,0.025793650793650792,0.037698412698412696,0.10515873015873016,0.10317460317460317,3.0,0.031746031746031744,0.10912698412698413,0.0205026455026455,0.02513227513227513,0.007936507936507936
Здоровье,20261008,-20,step,ewma,0,504,1512,0.23634802983708952,0.015873015873015872,0.05357142857142857,0.11706349206349206,0.32142857142857145,0.3055555555555556,3.0,0.07142857142857142,0.3353174603174603,0.061507936507936505,0.07473544973544974,0.03505291005291005
Здоровье,20261008,-20,step,cusum,0,504,1512,0.6654177877444858,0.011904761904761904,0.05357142857142857,0.2619047619047619,0.7738095238095238,0.7619047619047619,3.0,0.1884920634920635,0.8095238095238095,0.17195767195767195,0.19775132275132276,0.09391534391534391
Здоровье,20261008,-20,pulse,spike,0,504,1512,0.4451641519954342,0.015873015873015872,0.015873015873015872,0.015873015873015872,0.015873015873015872,0.0,0.0,0.037698412698412696,0.04563492063492063,0.023148148148148147,0.02447089947089947,0.0013227513227513227
Здоровье,20261008,-20,pulse,rolling_3m,0,504,1512,0.3399031820990008,0.001984126984126984,0.00992063492063492,0.015873015873015872,0.015873015873015872,0.013888888888888888,1.0,0.031746031746031744,0.041666666666666664,0.0205026455026455,0.0205026455026455,0.0006613756613756613
Здоровье,20261008,-20,pulse,ewma,0,504,1512,0.23634802983708952,0.015873015873015872,0.025793650793650792,0.025793650793650792,0.027777777777777776,0.011904761904761904,0.0,0.07142857142857142,0.07142857142857142,0.061507936507936505,0.062169312169312166,0.005291005291005291
Здоровье,20261008,-20,pulse,cusum,0,504,1512,0.6654177877444858,0.011904761904761904,0.027777777777777776,0.037698412698412696,0.09523809523809523,0.08333333333333333,3.0,0.1884920634920635,0.20833333333333334,0.17195767195767195,0.17724867724867724,0.032407407407407406
Здоровье,20261008,-20,ramp,spike,1,504,1512,0.4451641519954342,0.0,0.0,0.003968253968253968,0.02976190476190476,0.02976190476190476,4.0,0.037698412698412696,0.057539682539682536,0.023148148148148147,0.026455026455026454,0.005952380952380952
Здоровье,20261008,-20,ramp,rolling_3m,1,504,1512,0.3399031820990008,0.001984126984126984,0.005952380952380952,0.007936507936507936,0.027777777777777776,0.025793650793650792,3.5,0.031746031746031744,0.041666666666666664,0.0205026455026455,0.023809523809523808,0.005952380952380952
Здоровье,20261008,-20,ramp,ewma,1,504,1512,0.23634802983708952,0.001984126984126984,0.005952380952380952,0.023809523809523808,0.12301587301587301,0.12103174603174603,4.0,0.07142857142857142,0.15674603174603174,0.061507936507936505,0.07407407407407407,0.027777777777777776
Здоровье,20261008,-20,ramp,cusum,1,504,1512,0.6654177877444858,0.0,0.003968253968253968,0.02976190476190476,0.2638888888888889,0.2638888888888889,4.0,0.1884920634920635,0.3412698412698413,0.17195767195767195,0.18584656084656084,0.056216931216931214
Здоровье,20261008,20,step,spike,0,504,1512,0.4451641519954342,0.011904761904761904,0.023809523809523808,0.031746031746031744,0.07142857142857142,0.05952380952380952,3.0,0.037698412698412696,0.08134920634920635,0.023148148148148147,0.01917989417989418,0.0026455026455026454
Здоровье,20261008,20,step,rolling_3m,0,504,1512,0.3399031820990008,0.001984126984126984,0.013888888888888888,0.031746031746031744,0.07738095238095238,0.07539682539682539,3.0,0.031746031746031744,0.08531746031746032,0.0205026455026455,0.018518518518518517,0.0033068783068783067
Здоровье,20261008,20,step,ewma,0,504,1512,0.23634802983708952,0.017857142857142856,0.04563492063492063,0.1111111111111111,0.23412698412698413,0.21626984126984128,3.0,0.07142857142857142,0.24603174603174602,0.061507936507936505,0.056216931216931214,0.009259259259259259
Здоровье,20261008,20,step,cusum,0,504,1512,0.6654177877444858,0.01984126984126984,0.06944444444444445,0.20238095238095238,0.623015873015873,0.6031746031746031,3.0,0.1884920634920635,0.6587301587301587,0.17195767195767195,0.16732804232804233,0.046957671957671955
Здоровье,20261008,20,pulse,spike,0,504,1512,0.4451641519954342,0.011904761904761904,0.011904761904761904,0.011904761904761904,0.011904761904761904,0.0,0.0,0.037698412698412696,0.03968253968253968,0.023148148148148147,0.023148148148148147,0.0
Здоровье,20261008,20,pulse,rolling_3m,0,504,1512,0.3399031820990008,0.001984126984126984,0.003968253968253968,0.005952380952380952,0.005952380952380952,0.003968253968253968,1.0,0.031746031746031744,0.027777777777777776,0.0205026455026455,0.01984126984126984,0.0006613756613756613
Здоровье,20261008,20,pulse,ewma,0,504,1512,0.23634802983708952,0.017857142857142856,0.01984126984126984,0.01984126984126984,0.023809523809523808,0.005952380952380952,0.0,0.07142857142857142,0.07142857142857142,0.061507936507936505,0.061507936507936505,0.0013227513227513227
Здоровье,20261008,20,pulse,cusum,0,504,1512,0.6654177877444858,0.01984126984126984,0.03571428571428571,0.05357142857142857,0.12301587301587301,0.10317460317460317,3.0,0.1884920634920635,0.21626984126984128,0.17195767195767195,0.16997354497354497,0.006613756613756613
Здоровье,20261008,20,ramp,spike,1,504,1512,0.4451641519954342,0.0,0.005952380952380952,0.011904761904761904,0.041666666666666664,0.041666666666666664,3.0,0.037698412698412696,0.06746031746031746,0.023148148148148147,0.01984126984126984,0.0026455026455026454
Здоровье,20261008,20,ramp,rolling_3m,1,504,1512,0.3399031820990008,0.0,0.0,0.005952380952380952,0.03968253968253968,0.03968253968253968,4.0,0.031746031746031744,0.05357142857142857,0.0205026455026455,0.01917989417989418,0.001984126984126984
Здоровье,20261008,20,ramp,ewma,1,504,1512,0.23634802983708952,0.0,0.001984126984126984,0.02976190476190476,0.12698412698412698,0.12698412698412698,3.0,0.07142857142857142,0.15873015873015872,0.061507936507936505,0.0582010582010582,0.006613756613756613
Здоровье,20261008,20,ramp,cusum,1,504,1512,0.6654177877444858,0.003968253968253968,0.015873015873015872,0.06547619047619048,0.2261904761904762,0.2222222222222222,3.0,0.1884920634920635,0.3115079365079365,0.17195767195767195,0.17261904761904762,0.02447089947089947
Здоровье,20261009,-20,step,spike,0,504,1512,0.4451641519954342,0.015873015873015872,0.02976190476190476,0.037698412698412696,0.051587301587301584,0.03571428571428571,1.0,0.021825396825396824,0.057539682539682536,0.028439153439153438,0.031746031746031744,0.007936507936507936
Здоровье,20261009,-20,step,rolling_3m,0,504,1512,0.3399031820990008,0.001984126984126984,0.01984126984126984,0.02976190476190476,0.07142857142857142,0.06944444444444445,3.0,0.01984126984126984,0.07738095238095238,0.02447089947089947,0.02976190476190476,0.00992063492063492
Здоровье,20261009,-20,step,ewma,0,504,1512,0.23634802983708952,0.013888888888888888,0.047619047619047616,0.11706349206349206,0.3115079365079365,0.2976190476190476,3.0,0.06944444444444445,0.32142857142857145,0.062169312169312166,0.07671957671957672,0.03373015873015873
Здоровье,20261009,-20,step,cusum,0,504,1512,0.6654177877444858,0.007936507936507936,0.057539682539682536,0.28174603174603174,0.7638888888888888,0.7559523809523809,3.0,0.19246031746031747,0.7956349206349206,0.17063492063492064,0.20634920634920634,0.10185185185185185
Здоровье,20261009,-20,pulse,spike,0,504,1512,0.4451641519954342,0.015873015873015872,0.015873015873015872,0.015873015873015872,0.015873015873015872,0.0,0.0,0.021825396825396824,0.03571428571428571,0.028439153439153438,0.027777777777777776,0.0013227513227513227
Здоровье,20261009,-20,pulse,rolling_3m,0,504,1512,0.3399031820990008,0.001984126984126984,0.005952380952380952,0.00992063492063492,0.00992063492063492,0.007936507936507936,1.0,0.01984126984126984,0.027777777777777776,0.02447089947089947,0.02447089947089947,0.0
Здоровье,20261009,-20,pulse,ewma,0,504,1512,0.23634802983708952,0.013888888888888888,0.015873015873015872,0.015873015873015872,0.015873015873015872,0.001984126984126984,0.0,0.06944444444444445,0.06944444444444445,0.062169312169312166,0.061507936507936505,0.003968253968253968
Здоровье,20261009,-20,pulse,cusum,0,504,1512,0.6654177877444858,0.007936507936507936,0.023809523809523808,0.02976190476190476,0.08928571428571429,0.08134920634920635,3.0,0.19246031746031747,0.20833333333333334,0.17063492063492064,0.17857142857142858,0.031746031746031744
Здоровье,20261009,-20,ramp,spike,1,504,1512,0.4451641519954342,0.0,0.0,0.003968253968253968,0.017857142857142856,0.017857142857142856,3.0,0.021825396825396824,0.027777777777777776,0.028439153439153438,0.03306878306878307,0.005952380952380952
Здоровье,20261009,-20,ramp,rolling_3m,1,504,1512,0.3399031820990008,0.0,0.001984126984126984,0.003968253968253968,0.013888888888888888,0.013888888888888888,3.0,0.01984126984126984,0.01984126984126984,0.02447089947089947,0.028439153439153438,0.006613756613756613
Здоровье,20261009,-20,ramp,ewma,1,504,1512,0.23634802983708952,0.0,0.001984126984126984,0.015873015873015872,0.10515873015873016,0.10515873015873016,4.0,0.06944444444444445,0.13095238095238096,0.062169312169312166,0.07473544973544974,0.025793650793650792
Здоровье,20261009,-20,ramp,cusum,1,504,1512,0.6654177877444858,0.005952380952380952,0.007936507936507936,0.04563492063492063,0.2698412698412698,0.2638888888888889,4.0,0.19246031746031747,0.35119047619047616,0.17063492063492064,0.19047619047619047,0.05886243386243386
Здоровье,20261009,20,step,spike,0,504,1512,0.4451641519954342,0.011904761904761904,0.023809523809523808,0.03373015873015873,0.06547619047619048,0.05357142857142857,2.0,0.021825396825396824,0.07341269841269842,0.028439153439153438,0.025793650793650792,0.0033068783068783067
Здоровье,20261009,20,step,rolling_3m,0,504,1512,0.3399031820990008,0.003968253968253968,0.015873015873015872,0.037698412698412696,0.09722222222222222,0.09325396825396826,3.0,0.01984126984126984,0.0992063492063492,0.02447089947089947,0.023148148148148147,0.004629629629629629
Здоровье,20261009,20,step,ewma,0,504,1512,0.23634802983708952,0.013888888888888888,0.07539682539682539,0.125,0.2400793650793651,0.2261904761904762,2.0,0.06944444444444445,0.24404761904761904,0.062169312169312166,0.057539682539682536,0.011904761904761904
Здоровье,20261009,20,step,cusum,0,504,1512,0.6654177877444858,0.017857142857142856,0.07936507936507936,0.2123015873015873,0.6150793650793651,0.5972222222222222,3.0,0.19246031746031747,0.6388888888888888,0.17063492063492064,0.16732804232804233,0.04894179894179894
Здоровье,20261009,20,pulse,spike,0,504,1512,0.4451641519954342,0.011904761904761904,0.011904761904761904,0.011904761904761904,0.011904761904761904,0.0,0.0,0.021825396825396824,0.02976190476190476,0.028439153439153438,0.0291005291005291,0.0006613756613756613
Здоровье,20261009,20,pulse,rolling_3m,0,504,1512,0.3399031820990008,0.003968253968253968,0.007936507936507936,0.00992063492063492,0.00992063492063492,0.005952380952380952,1.0,0.01984126984126984,0.023809523809523808,0.02447089947089947,0.023809523809523808,0.0006613756613756613
Здоровье,20261009,20,pulse,ewma,0,504,1512,0.23634802983708952,0.013888888888888888,0.017857142857142856,0.021825396825396824,0.02976190476190476,0.015873015873015872,1.0,0.06944444444444445,0.07341269841269842,0.062169312169312166,0.062169312169312166,0.001984126984126984
Здоровье,20261009,20,pulse,cusum,0,504,1512,0.6654177877444858,0.017857142857142856,0.047619047619047616,0.07142857142857142,0.11904761904761904,0.10119047619047619,2.0,0.19246031746031747,0.2003968253968254,0.17063492063492064,0.16666666666666666,0.005291005291005291
Здоровье,20261009,20,ramp,spike,1,504,1512,0.4451641519954342,0.003968253968253968,0.005952380952380952,0.015873015873015872,0.027777777777777776,0.023809523809523808,2.0,0.021825396825396824,0.037698412698412696,0.028439153439153438,0.027116402116402115,0.0033068783068783067
Здоровье,20261009,20,ramp,rolling_3m,1,504,1512,0.3399031820990008,0.0,0.001984126984126984,0.007936507936507936,0.051587301587301584,0.051587301587301584,3.5,0.01984126984126984,0.061507936507936505,0.02447089947089947,0.023148148148148147,0.0026455026455026454
Здоровье,20261009,20,ramp,ewma,1,504,1512,0.23634802983708952,0.0,0.00992063492063492,0.03968253968253968,0.125,0.125,3.0,0.06944444444444445,0.15079365079365079,0.062169312169312166,0.05952380952380952,0.00992063492063492
Здоровье,20261009,20,ramp,cusum,1,504,1512,0.6654177877444858,0.001984126984126984,0.015873015873015872,0.047619047619047616,0.20833333333333334,0.20634920634920634,3.0,0.19246031746031747,0.2996031746031746,0.17063492063492064,0.17063492063492064,0.02447089947089947
Здоровье,20261010,-20,step,spike,0,504,1512,0.4451641519954342,0.007936507936507936,0.021825396825396824,0.025793650793650792,0.05357142857142857,0.04563492063492063,3.0,0.025793650793650792,0.06349206349206349,0.027116402116402115,0.028439153439153438,0.007936507936507936
Здоровье,20261010,-20,step,rolling_3m,0,504,1512,0.3399031820990008,0.0,0.015873015873015872,0.021825396825396824,0.07936507936507936,0.07936507936507936,3.5,0.017857142857142856,0.08333333333333333,0.02513227513227513,0.028439153439153438,0.009259259259259259
Здоровье,20261010,-20,step,ewma,0,504,1512,0.23634802983708952,0.013888888888888888,0.03968253968253968,0.10119047619047619,0.3253968253968254,0.3115079365079365,3.0,0.06547619047619048,0.3373015873015873,0.06349206349206349,0.07341269841269842,0.03042328042328042
Здоровье,20261010,-20,step,cusum,0,504,1512,0.6654177877444858,0.011904761904761904,0.0496031746031746,0.29365079365079366,0.7579365079365079,0.746031746031746,3.0,0.19444444444444445,0.7857142857142857,0.16997354497354497,0.20105820105820105,0.09656084656084656
Здоровье,20261010,-20,pulse,spike,0,504,1512,0.4451641519954342,0.007936507936507936,0.007936507936507936,0.007936507936507936,0.007936507936507936,0.0,0.0,0.025793650793650792,0.03373015873015873,0.027116402116402115,0.026455026455026454,0.0006613756613756613
Здоровье,20261010,-20,pulse,rolling_3m,0,504,1512,0.3399031820990008,0.0,0.001984126984126984,0.003968253968253968,0.003968253968253968,0.003968253968253968,1.5,0.017857142857142856,0.021825396825396824,0.02513227513227513,0.02513227513227513,0.0006613756613756613
Здоровье,20261010,-20,pulse,ewma,0,504,1512,0.23634802983708952,0.013888888888888888,0.015873015873015872,0.015873015873015872,0.015873015873015872,0.001984126984126984,0.0,0.06547619047619048,0.05555555555555555,0.06349206349206349,0.06283068783068783,0.003968253968253968
Здоровье,20261010,-20,pulse,cusum,0,504,1512,0.6654177877444858,0.011904761904761904,0.015873015873015872,0.025793650793650792,0.08333333333333333,0.07142857142857142,4.0,0.19444444444444445,0.20238095238095238,0.16997354497354497,0.1765873015873016,0.031746031746031744
Здоровье,20261010,-20,ramp,spike,1,504,1512,0.4451641519954342,0.0,0.0,0.003968253968253968,0.027777777777777776,0.027777777777777776,4.0,0.025793650793650792,0.04365079365079365,0.027116402116402115,0.0291005291005291,0.005291005291005291
Здоровье,20261010,-20,ramp,rolling_3m,1,504,1512,0.3399031820990008,0.0,0.0,0.001984126984126984,0.015873015873015872,0.015873015873015872,4.0,0.017857142857142856,0.025793650793650792,0.02513227513227513,0.027777777777777776,0.006613756613756613
Здоровье,20261010,-20,ramp,ewma,1,504,1512,0.23634802983708952,0.0,0.001984126984126984,0.013888888888888888,0.0992063492063492,0.0992063492063492,4.0,0.06547619047619048,0.12698412698412698,0.06349206349206349,0.07473544973544974,0.023148148148148147
Здоровье,20261010,-20,ramp,cusum,1,504,1512,0.6654177877444858,0.0,0.003968253968253968,0.021825396825396824,0.2896825396825397,0.2896825396825397,4.0,0.19444444444444445,0.36507936507936506,0.16997354497354497,0.18518518518518517,0.05555555555555555
Здоровье,20261010,20,step,spike,0,504,1512,0.4451641519954342,0.013888888888888888,0.031746031746031744,0.03571428571428571,0.07738095238095238,0.06349206349206349,3.0,0.025793650793650792,0.08531746031746032,0.027116402116402115,0.02513227513227513,0.0026455026455026454
Здоровье,20261010,20,step,rolling_3m,0,504,1512,0.3399031820990008,0.001984126984126984,0.015873015873015872,0.041666666666666664,0.11706349206349206,0.11507936507936507,3.0,0.017857142857142856,0.12103174603174603,0.02513227513227513,0.02447089947089947,0.005291005291005291
Здоровье,20261010,20,step,ewma,0,504,1512,0.23634802983708952,0.017857142857142856,0.061507936507936505,0.12698412698412698,0.25,0.23214285714285715,2.0,0.06547619047619048,0.25595238095238093,0.06349206349206349,0.062169312169312166,0.012566137566137565
Здоровье,20261010,20,step,cusum,0,504,1512,0.6654177877444858,0.023809523809523808,0.07738095238095238,0.20238095238095238,0.5833333333333334,0.5595238095238095,3.0,0.19444444444444445,0.6091269841269841,0.16997354497354497,0.16732804232804233,0.04563492063492063
Здоровье,20261010,20,pulse,spike,0,504,1512,0.4451641519954342,0.013888888888888888,0.013888888888888888,0.013888888888888888,0.013888888888888888,0.0,0.0,0.025793650793650792,0.03571428571428571,0.027116402116402115,0.027777777777777776,0.0006613756613756613
Здоровье,20261010,20,pulse,rolling_3m,0,504,1512,0.3399031820990008,0.001984126984126984,0.005952380952380952,0.005952380952380952,0.005952380952380952,0.003968253968253968,1.0,0.017857142857142856,0.021825396825396824,0.02513227513227513,0.02447089947089947,0.0013227513227513227
Здоровье,20261010,20,pulse,ewma,0,504,1512,0.23634802983708952,0.017857142857142856,0.025793650793650792,0.027777777777777776,0.03373015873015873,0.015873015873015872,0.0,0.06547619047619048,0.07341269841269842,0.06349206349206349,0.06349206349206349,0.001984126984126984
Здоровье,20261010,20,pulse,cusum,0,504,1512,0.6654177877444858,0.023809523809523808,0.031746031746031744,0.061507936507936505,0.13095238095238096,0.10714285714285714,3.0,0.19444444444444445,0.21825396825396826,0.16997354497354497,0.16865079365079366,0.007936507936507936
Здоровье,20261010,20,ramp,spike,1,504,1512,0.4451641519954342,0.001984126984126984,0.003968253968253968,0.017857142857142856,0.041666666666666664,0.03968253968253968,3.0,0.025793650793650792,0.05555555555555555,0.027116402116402115,0.02513227513227513,0.001984126984126984
Здоровье,20261010,20,ramp,rolling_3m,1,504,1512,0.3399031820990008,0.0,0.0,0.007936507936507936,0.05555555555555555,0.05555555555555555,4.0,0.017857142857142856,0.06349206349206349,0.02513227513227513,0.023809523809523808,0.0026455026455026454
Здоровье,20261010,20,ramp,ewma,1,504,1512,0.23634802983708952,0.0,0.013888888888888888,0.03968253968253968,0.1488095238095238,0.1488095238095238,3.0,0.06547619047619048,0.16865079365079366,0.06349206349206349,0.06415343915343916,0.010582010582010581
Здоровье,20261010,20,ramp,cusum,1,504,1512,0.6654177877444858,0.003968253968253968,0.013888888888888888,0.061507936507936505,0.23214285714285715,0.22817460317460317,3.0,0.19444444444444445,0.3194444444444444,0.16997354497354497,0.17328042328042328,0.028439153439153438
Маркетплейсы,20261001,-20,step,spike,0,504,1512,0.5781953451431561,0.0,0.003968253968253968,0.007936507936507936,0.023809523809523808,0.023809523809523808,4.0,0.01984126984126984,0.031746031746031744,0.013888888888888888,0.015873015873015872,0.005952380952380952
Маркетплейсы,20261001,-20,step,rolling_3m,0,504,1512,0.5195446857018594,0.0,0.0,0.001984126984126984,0.01984126984126984,0.01984126984126984,4.0,0.011904761904761904,0.023809523809523808,0.006613756613756613,0.007275132275132275,0.0013227513227513227
Маркетплейсы,20261001,-20,step,ewma,0,504,1512,0.29106615386763446,0.001984126984126984,0.013888888888888888,0.037698412698412696,0.15476190476190477,0.1527777777777778,3.0,0.047619047619047616,0.16666666666666666,0.04563492063492063,0.051587301587301584,0.023809523809523808
Маркетплейсы,20261001,-20,step,cusum,0,504,1512,0.8951974078706024,0.0,0.021825396825396824,0.07341269841269842,0.5714285714285714,0.5714285714285714,3.0,0.09523809523809523,0.5892857142857143,0.11243386243386243,0.14947089947089948,0.08664021164021164
Маркетплейсы,20261001,-20,pulse,spike,0,504,1512,0.5781953451431561,0.0,0.0,0.0,0.0,0.0,,0.01984126984126984,0.01984126984126984,0.013888888888888888,0.013888888888888888,0.0
Маркетплейсы,20261001,-20,pulse,rolling_3m,0,504,1512,0.5195446857018594,0.0,0.0,0.0,0.0,0.0,,0.011904761904761904,0.011904761904761904,0.006613756613756613,0.006613756613756613,0.0
Маркетплейсы,20261001,-20,pulse,ewma,0,504,1512,0.29106615386763446,0.001984126984126984,0.003968253968253968,0.005952380952380952,0.007936507936507936,0.005952380952380952,1.5,0.047619047619047616,0.0496031746031746,0.04563492063492063,0.04497354497354497,0.0013227513227513227
Маркетплейсы,20261001,-20,pulse,cusum,0,504,1512,0.8951974078706024,0.0,0.001984126984126984,0.00992063492063492,0.06547619047619048,0.06547619047619048,4.0,0.09523809523809523,0.12698412698412698,0.11243386243386243,0.11574074074074074,0.015873015873015872
Маркетплейсы,20261001,-20,ramp,spike,1,504,1512,0.5781953451431561,0.0,0.001984126984126984,0.003968253968253968,0.017857142857142856,0.017857142857142856,4.0,0.01984126984126984,0.031746031746031744,0.013888888888888888,0.013227513227513227,0.001984126984126984
Маркетплейсы,20261001,-20,ramp,rolling_3m,1,504,1512,0.5195446857018594,0.0,0.0,0.0,0.00992063492063492,0.00992063492063492,3.0,0.011904761904761904,0.015873015873015872,0.006613756613756613,0.007275132275132275,0.0006613756613756613
Маркетплейсы,20261001,-20,ramp,ewma,1,504,1512,0.29106615386763446,0.0,0.003968253968253968,0.00992063492063492,0.05357142857142857,0.05357142857142857,4.0,0.047619047619047616,0.08531746031746032,0.04563492063492063,0.0496031746031746,0.01521164021164021
Маркетплейсы,20261001,-20,ramp,cusum,1,504,1512,0.8951974078706024,0.0,0.001984126984126984,0.021825396825396824,0.16666666666666666,0.16666666666666666,4.0,0.09523809523809523,0.2123015873015873,0.11243386243386243,0.13095238095238096,0.041666666666666664
Маркетплейсы,20261001,20,step,spike,0,504,1512,0.5781953451431561,0.001984126984126984,0.005952380952380952,0.013888888888888888,0.021825396825396824,0.01984126984126984,2.0,0.01984126984126984,0.02976190476190476,0.013888888888888888,0.011904761904761904,0.0026455026455026454
Маркетплейсы,20261001,20,step,rolling_3m,0,504,1512,0.5195446857018594,0.0,0.003968253968253968,0.005952380952380952,0.013888888888888888,0.013888888888888888,3.0,0.011904761904761904,0.017857142857142856,0.006613756613756613,0.007936507936507936,0.0026455026455026454
Маркетплейсы,20261001,20,step,ewma,0,504,1512,0.29106615386763446,0.001984126984126984,0.007936507936507936,0.031746031746031744,0.09722222222222222,0.09523809523809523,3.0,0.047619047619047616,0.1130952380952381,0.04563492063492063,0.04563492063492063,0.016534391534391533
Маркетплейсы,20261001,20,step,cusum,0,504,1512,0.8951974078706024,0.0,0.00992063492063492,0.05555555555555555,0.35714285714285715,0.35714285714285715,4.0,0.09523809523809523,0.375,0.11243386243386243,0.12896825396825398,0.06349206349206349
Маркетплейсы,20261001,20,pulse,spike,0,504,1512,0.5781953451431561,0.001984126984126984,0.001984126984126984,0.001984126984126984,0.001984126984126984,0.0,0.0,0.01984126984126984,0.01984126984126984,0.013888888888888888,0.013888888888888888,0.0
Маркетплейсы,20261001,20,pulse,rolling_3m,0,504,1512,0.5195446857018594,0.0,0.0,0.003968253968253968,0.003968253968253968,0.003968253968253968,2.0,0.011904761904761904,0.013888888888888888,0.006613756613756613,0.006613756613756613,0.0
Маркетплейсы,20261001,20,pulse,ewma,0,504,1512,0.29106615386763446,0.001984126984126984,0.001984126984126984,0.003968253968253968,0.005952380952380952,0.003968253968253968,2.0,0.047619047619047616,0.047619047619047616,0.04563492063492063,0.04563492063492063,0.001984126984126984
Маркетплейсы,20261001,20,pulse,cusum,0,504,1512,0.8951974078706024,0.0,0.003968253968253968,0.017857142857142856,0.05952380952380952,0.05952380952380952,3.0,0.09523809523809523,0.12103174603174603,0.11243386243386243,0.11375661375661375,0.011243386243386243
Маркетплейсы,20261001,20,ramp,spike,1,504,1512,0.5781953451431561,0.0,0.001984126984126984,0.003968253968253968,0.011904761904761904,0.011904761904761904,3.0,0.01984126984126984,0.025793650793650792,0.013888888888888888,0.012566137566137565,0.0026455026455026454
Маркетплейсы,20261001,20,ramp,rolling_3m,1,504,1512,0.5195446857018594,0.0,0.003968253968253968,0.007936507936507936,0.011904761904761904,0.011904761904761904,2.0,0.011904761904761904,0.01984126984126984,0.006613756613756613,0.008597883597883597,0.0026455026455026454
Маркетплейсы,20261001,20,ramp,ewma,1,504,1512,0.29106615386763446,0.0,0.003968253968253968,0.00992063492063492,0.051587301587301584,0.051587301587301584,3.0,0.047619047619047616,0.07738095238095238,0.04563492063492063,0.041666666666666664,0.009259259259259259
Маркетплейсы,20261001,20,ramp,cusum,1,504,1512,0.8951974078706024,0.001984126984126984,0.011904761904761904,0.02976190476190476,0.1349206349206349,0.13293650793650794,4.0,0.09523809523809523,0.18452380952380953,0.11243386243386243,0.11507936507936507,0.02513227513227513
Маркетплейсы,20261002,-20,step,spike,0,504,1512,0.5781953451431561,0.001984126984126984,0.007936507936507936,0.007936507936507936,0.025793650793650792,0.023809523809523808,4.0,0.01984126984126984,0.02976190476190476,0.013888888888888888,0.01521164021164021,0.0033068783068783067
Маркетплейсы,20261002,-20,step,rolling_3m,0,504,1512,0.5195446857018594,0.0,0.001984126984126984,0.005952380952380952,0.013888888888888888,0.013888888888888888,4.0,0.00992063492063492,0.015873015873015872,0.007275132275132275,0.008597883597883597,0.0026455026455026454
Маркетплейсы,20261002,-20,step,ewma,0,504,1512,0.29106615386763446,0.003968253968253968,0.017857142857142856,0.027777777777777776,0.12698412698412698,0.12301587301587301,4.0,0.061507936507936505,0.1349206349206349,0.041005291005291,0.04828042328042328,0.021164021164021163
Маркетплейсы,20261002,-20,step,cusum,0,504,1512,0.8951974078706024,0.001984126984126984,0.013888888888888888,0.05952380952380952,0.5873015873015873,0.5853174603174603,4.0,0.11507936507936507,0.6170634920634921,0.10582010582010581,0.14153439153439154,0.08531746031746032
Маркетплейсы,20261002,-20,pulse,spike,0,504,1512,0.5781953451431561,0.001984126984126984,0.001984126984126984,0.001984126984126984,0.001984126984126984,0.0,0.0,0.01984126984126984,0.01984126984126984,0.013888888888888888,0.013888888888888888,0.0
Маркетплейсы,20261002,-20,pulse,rolling_3m,0,504,1512,0.5195446857018594,0.0,0.0,0.0,0.0,0.0,,0.00992063492063492,0.00992063492063492,0.007275132275132275,0.007936507936507936,0.0006613756613756613
Маркетплейсы,20261002,-20,pulse,ewma,0,504,1512,0.29106615386763446,0.003968253968253968,0.007936507936507936,0.00992063492063492,0.015873015873015872,0.011904761904761904,1.5,0.061507936507936505,0.05952380952380952,0.041005291005291,0.04034391534391534,0.0013227513227513227
Маркетплейсы,20261002,-20,pulse,cusum,0,504,1512,0.8951974078706024,0.001984126984126984,0.007936507936507936,0.011904761904761904,0.047619047619047616,0.04563492063492063,4.0,0.11507936507936507,0.11904761904761904,0.10582010582010581,0.11177248677248677,0.017857142857142856
Маркетплейсы,20261002,-20,ramp,spike,1,504,1512,0.5781953451431561,0.0,0.001984126984126984,0.003968253968253968,0.023809523809523808,0.023809523809523808,3.5,0.01984126984126984,0.02976190476190476,0.013888888888888888,0.01455026455026455,0.001984126984126984
Маркетплейсы,20261002,-20,ramp,rolling_3m,1,504,1512,0.5195446857018594,0.0,0.0,0.0,0.007936507936507936,0.007936507936507936,4.0,0.00992063492063492,0.015873015873015872,0.007275132275132275,0.008597883597883597,0.001984126984126984
Маркетплейсы,20261002,-20,ramp,ewma,1,504,1512,0.29106615386763446,0.0,0.003968253968253968,0.007936507936507936,0.041666666666666664,0.041666666666666664,3.0,0.061507936507936505,0.07539682539682539,0.041005291005291,0.04563492063492063,0.013227513227513227
Маркетплейсы,20261002,-20,ramp,cusum,1,504,1512,0.8951974078706024,0.0,0.001984126984126984,0.007936507936507936,0.15873015873015872,0.15873015873015872,4.0,0.11507936507936507,0.22420634920634921,0.10582010582010581,0.12698412698412698,0.04034391534391534
Маркетплейсы,20261002,20,step,spike,0,504,1512,0.5781953451431561,0.005952380952380952,0.011904761904761904,0.017857142857142856,0.03968253968253968,0.03373015873015873,3.0,0.01984126984126984,0.047619047619047616,0.013888888888888888,0.01455026455026455,0.003968253968253968
Маркетплейсы,20261002,20,step,rolling_3m,0,504,1512,0.5195446857018594,0.0,0.00992063492063492,0.00992063492063492,0.01984126984126984,0.01984126984126984,2.0,0.00992063492063492,0.01984126984126984,0.007275132275132275,0.009259259259259259,0.004629629629629629
Маркетплейсы,20261002,20,step,ewma,0,504,1512,0.29106615386763446,0.011904761904761904,0.03571428571428571,0.047619047619047616,0.13293650793650794,0.12103174603174603,3.0,0.061507936507936505,0.14285714285714285,0.041005291005291,0.04298941798941799,0.016534391534391533
Маркетплейсы,20261002,20,step,cusum,0,504,1512,0.8951974078706024,0.00992063492063492,0.025793650793650792,0.05952380952380952,0.34523809523809523,0.3353174603174603,4.0,0.11507936507936507,0.376984126984127,0.10582010582010581,0.1335978835978836,0.07275132275132275
Маркетплейсы,20261002,20,pulse,spike,0,504,1512,0.5781953451431561,0.005952380952380952,0.005952380952380952,0.005952380952380952,0.005952380952380952,0.0,0.0,0.01984126984126984,0.023809523809523808,0.013888888888888888,0.013888888888888888,0.0
Маркетплейсы,20261002,20,pulse,rolling_3m,0,504,1512,0.5195446857018594,0.0,0.001984126984126984,0.003968253968253968,0.003968253968253968,0.003968253968253968,1.5,0.00992063492063492,0.00992063492063492,0.007275132275132275,0.007275132275132275,0.0
Маркетплейсы,20261002,20,pulse,ewma,0,504,1512,0.29106615386763446,0.011904761904761904,0.017857142857142856,0.021825396825396824,0.021825396825396824,0.00992063492063492,0.0,0.061507936507936505,0.06746031746031746,0.041005291005291,0.041005291005291,0.0013227513227513227
Маркетплейсы,20261002,20,pulse,cusum,0,504,1512,0.8951974078706024,0.00992063492063492,0.01984126984126984,0.031746031746031744,0.07936507936507936,0.06944444444444445,3.0,0.11507936507936507,0.1388888888888889,0.10582010582010581,0.10978835978835978,0.013888888888888888
Маркетплейсы,20261002,20,ramp,spike,1,504,1512,0.5781953451431561,0.0,0.003968253968253968,0.00992063492063492,0.023809523809523808,0.023809523809523808,3.0,0.01984126984126984,0.03571428571428571,0.013888888888888888,0.01455026455026455,0.0033068783068783067
Маркетплейсы,20261002,20,ramp,rolling_3m,1,504,1512,0.5195446857018594,0.0,0.0,0.001984126984126984,0.005952380952380952,0.005952380952380952,4.0,0.00992063492063492,0.015873015873015872,0.007275132275132275,0.00992063492063492,0.004629629629629629
Маркетплейсы,20261002,20,ramp,ewma,1,504,1512,0.29106615386763446,0.001984126984126984,0.007936507936507936,0.017857142857142856,0.06746031746031746,0.06547619047619048,3.0,0.061507936507936505,0.08928571428571429,0.041005291005291,0.03835978835978836,0.007275132275132275
Маркетплейсы,20261002,20,ramp,cusum,1,504,1512,0.8951974078706024,0.001984126984126984,0.007936507936507936,0.023809523809523808,0.14285714285714285,0.14087301587301587,4.0,0.11507936507936507,0.2123015873015873,0.10582010582010581,0.11706349206349206,0.032407407407407406
Маркетплейсы,20261003,-20,step,spike,0,504,1512,0.5781953451431561,0.0,0.001984126984126984,0.003968253968253968,0.013888888888888888,0.013888888888888888,4.0,0.013888888888888888,0.021825396825396824,0.015873015873015872,0.017857142857142856,0.004629629629629629
Маркетплейсы,20261003,-20,step,rolling_3m,0,504,1512,0.5195446857018594,0.0,0.0,0.001984126984126984,0.00992063492063492,0.00992063492063492,4.0,0.007936507936507936,0.011904761904761904,0.007936507936507936,0.009259259259259259,0.0026455026455026454
Маркетплейсы,20261003,-20,step,ewma,0,504,1512,0.29106615386763446,0.001984126984126984,0.011904761904761904,0.01984126984126984,0.15476190476190477,0.1527777777777778,4.0,0.02976190476190476,0.1626984126984127,0.051587301587301584,0.056878306878306875,0.02447089947089947
Маркетплейсы,20261003,-20,step,cusum,0,504,1512,0.8951974078706024,0.001984126984126984,0.00992063492063492,0.04563492063492063,0.6150793650793651,0.6130952380952381,4.0,0.07738095238095238,0.6309523809523809,0.11838624338624339,0.15211640211640212,0.08267195767195767
Маркетплейсы,20261003,-20,pulse,spike,0,504,1512,0.5781953451431561,0.0,0.0,0.0,0.0,0.0,,0.013888888888888888,0.013888888888888888,0.015873015873015872,0.015873015873015872,0.0
Маркетплейсы,20261003,-20,pulse,rolling_3m,0,504,1512,0.5195446857018594,0.0,0.0,0.0,0.0,0.0,,0.007936507936507936,0.007936507936507936,0.007936507936507936,0.007936507936507936,0.0
Маркетплейсы,20261003,-20,pulse,ewma,0,504,1512,0.29106615386763446,0.001984126984126984,0.003968253968253968,0.007936507936507936,0.00992063492063492,0.007936507936507936,2.0,0.02976190476190476,0.03373015873015873,0.051587301587301584,0.05092592592592592,0.0013227513227513227
Маркетплейсы,20261003,-20,pulse,cusum,0,504,1512,0.8951974078706024,0.001984126984126984,0.005952380952380952,0.011904761904761904,0.04563492063492063,0.04365079365079365,5.0,0.07738095238095238,0.09722222222222222,0.11838624338624339,0.12235449735449735,0.015873015873015872
Маркетплейсы,20261003,-20,ramp,spike,1,504,1512,0.5781953451431561,0.0,0.0,0.003968253968253968,0.013888888888888888,0.013888888888888888,3.0,0.013888888888888888,0.023809523809523808,0.015873015873015872,0.015873015873015872,0.001984126984126984
Маркетплейсы,20261003,-20,ramp,rolling_3m,1,504,1512,0.5195446857018594,0.0,0.0,0.0,0.007936507936507936,0.007936507936507936,3.5,0.007936507936507936,0.013888888888888888,0.007936507936507936,0.009259259259259259,0.001984126984126984
Маркетплейсы,20261003,-20,ramp,ewma,1,504,1512,0.29106615386763446,0.0,0.003968253968253968,0.00992063492063492,0.041666666666666664,0.041666666666666664,4.0,0.02976190476190476,0.05952380952380952,0.051587301587301584,0.05423280423280423,0.015873015873015872
Маркетплейсы,20261003,-20,ramp,cusum,1,504,1512,0.8951974078706024,0.0,0.001984126984126984,0.00992063492063492,0.15674603174603174,0.15674603174603174,4.0,0.07738095238095238,0.19444444444444445,0.11838624338624339,0.1402116402116402,0.042328042328042326
Маркетплейсы,20261003,20,step,spike,0,504,1512,0.5781953451431561,0.001984126984126984,0.001984126984126984,0.003968253968253968,0.015873015873015872,0.013888888888888888,3.0,0.013888888888888888,0.021825396825396824,0.015873015873015872,0.01455026455026455,0.003968253968253968
Маркетплейсы,20261003,20,step,rolling_3m,0,504,1512,0.5195446857018594,0.0,0.003968253968253968,0.003968253968253968,0.00992063492063492,0.00992063492063492,3.0,0.007936507936507936,0.015873015873015872,0.007936507936507936,0.008597883597883597,0.0033068783068783067
Маркетплейсы,20261003,20,step,ewma,0,504,1512,0.29106615386763446,0.001984126984126984,0.015873015873015872,0.027777777777777776,0.07341269841269842,0.07142857142857142,3.0,0.02976190476190476,0.08333333333333333,0.051587301587301584,0.052248677248677246,0.01984126984126984
Маркетплейсы,20261003,20,step,cusum,0,504,1512,0.8951974078706024,0.001984126984126984,0.013888888888888888,0.057539682539682536,0.31547619047619047,0.3134920634920635,4.0,0.07738095238095238,0.33134920634920634,0.11838624338624339,0.13822751322751323,0.07142857142857142
Маркетплейсы,20261003,20,pulse,spike,0,504,1512,0.5781953451431561,0.001984126984126984,0.001984126984126984,0.001984126984126984,0.001984126984126984,0.0,0.0,0.013888888888888888,0.013888888888888888,0.015873015873015872,0.015873015873015872,0.0
Маркетплейсы,20261003,20,pulse,rolling_3m,0,504,1512,0.5195446857018594,0.0,0.001984126984126984,0.003968253968253968,0.003968253968253968,0.003968253968253968,1.5,0.007936507936507936,0.00992063492063492,0.007936507936507936,0.007936507936507936,0.0
Маркетплейсы,20261003,20,pulse,ewma,0,504,1512,0.29106615386763446,0.001984126984126984,0.001984126984126984,0.001984126984126984,0.001984126984126984,0.0,0.0,0.02976190476190476,0.031746031746031744,0.051587301587301584,0.051587301587301584,0.001984126984126984
Маркетплейсы,20261003,20,pulse,cusum,0,504,1512,0.8951974078706024,0.001984126984126984,0.005952380952380952,0.015873015873015872,0.057539682539682536,0.05555555555555555,4.0,0.07738095238095238,0.09722222222222222,0.11838624338624339,0.12169312169312169,0.012566137566137565
Маркетплейсы,20261003,20,ramp,spike,1,504,1512,0.5781953451431561,0.0,0.0,0.003968253968253968,0.011904761904761904,0.011904761904761904,3.0,0.013888888888888888,0.01984126984126984,0.015873015873015872,0.01521164021164021,0.0033068783068783067
Маркетплейсы,20261003,20,ramp,rolling_3m,1,504,1512,0.5195446857018594,0.0,0.001984126984126984,0.001984126984126984,0.005952380952380952,0.005952380952380952,3.0,0.007936507936507936,0.013888888888888888,0.007936507936507936,0.00992063492063492,0.0033068783068783067
Маркетплейсы,20261003,20,ramp,ewma,1,504,1512,0.29106615386763446,0.0,0.001984126984126984,0.001984126984126984,0.041666666666666664,0.041666666666666664,4.0,0.02976190476190476,0.06349206349206349,0.051587301587301584,0.04828042328042328,0.011904761904761904
Маркетплейсы,20261003,20,ramp,cusum,1,504,1512,0.8951974078706024,0.0,0.005952380952380952,0.01984126984126984,0.13293650793650794,0.13293650793650794,3.0,0.07738095238095238,0.17063492063492064,0.11838624338624339,0.12764550264550265,0.032407407407407406
Маркетплейсы,20261004,-20,step,spike,0,504,1512,0.5781953451431561,0.0,0.001984126984126984,0.005952380952380952,0.01984126984126984,0.01984126984126984,4.0,0.01984126984126984,0.027777777777777776,0.013888888888888888,0.015873015873015872,0.0033068783068783067
Маркетплейсы,20261004,-20,step,rolling_3m,0,504,1512,0.5195446857018594,0.0,0.0,0.001984126984126984,0.00992063492063492,0.00992063492063492,3.0,0.011904761904761904,0.013888888888888888,0.006613756613756613,0.007275132275132275,0.001984126984126984
Маркетплейсы,20261004,-20,step,ewma,0,504,1512,0.29106615386763446,0.001984126984126984,0.007936507936507936,0.025793650793650792,0.14285714285714285,0.14087301587301587,4.0,0.05357142857142857,0.15674603174603174,0.04365079365079365,0.0496031746031746,0.021164021164021163
Маркетплейсы,20261004,-20,step,cusum,0,504,1512,0.8951974078706024,0.0,0.011904761904761904,0.061507936507936505,0.5813492063492064,0.5813492063492064,3.0,0.10317460317460317,0.6071428571428571,0.10978835978835978,0.15013227513227514,0.08862433862433862
Маркетплейсы,20261004,-20,pulse,spike,0,504,1512,0.5781953451431561,0.0,0.0,0.0,0.0,0.0,,0.01984126984126984,0.01984126984126984,0.013888888888888888,0.013888888888888888,0.0
Маркетплейсы,20261004,-20,pulse,rolling_3m,0,504,1512,0.5195446857018594,0.0,0.0,0.0,0.0,0.0,,0.011904761904761904,0.011904761904761904,0.006613756613756613,0.007275132275132275,0.0006613756613756613
Маркетплейсы,20261004,-20,pulse,ewma,0,504,1512,0.29106615386763446,0.001984126984126984,0.003968253968253968,0.007936507936507936,0.007936507936507936,0.005952380952380952,1.5,0.05357142857142857,0.051587301587301584,0.04365079365079365,0.04298941798941799,0.0006613756613756613
Маркетплейсы,20261004,-20,pulse,cusum,0,504,1512,0.8951974078706024,0.0,0.001984126984126984,0.003968253968253968,0.047619047619047616,0.047619047619047616,4.5,0.10317460317460317,0.11706349206349206,0.10978835978835978,0.1164021164021164,0.017857142857142856
Маркетплейсы,20261004,-20,ramp,spike,1,504,1512,0.5781953451431561,0.0,0.001984126984126984,0.003968253968253968,0.015873015873015872,0.015873015873015872,3.0,0.01984126984126984,0.025793650793650792,0.013888888888888888,0.01455026455026455,0.001984126984126984
Маркетплейсы,20261004,-20,ramp,rolling_3m,1,504,1512,0.5195446857018594,0.0,0.0,0.0,0.005952380952380952,0.005952380952380952,3.0,0.011904761904761904,0.013888888888888888,0.006613756613756613,0.007275132275132275,0.0013227513227513227
Маркетплейсы,20261004,-20,ramp,ewma,1,504,1512,0.29106615386763446,0.0,0.003968253968253968,0.003968253968253968,0.05357142857142857,0.05357142857142857,4.0,0.05357142857142857,0.08333333333333333,0.04365079365079365,0.046296296296296294,0.011904761904761904
Маркетплейсы,20261004,-20,ramp,cusum,1,504,1512,0.8951974078706024,0.0,0.0,0.005952380952380952,0.15873015873015872,0.15873015873015872,4.0,0.10317460317460317,0.2123015873015873,0.10978835978835978,0.13425925925925927,0.04298941798941799
Маркетплейсы,20261004,20,step,spike,0,504,1512,0.5781953451431561,0.0,0.003968253968253968,0.013888888888888888,0.03571428571428571,0.03571428571428571,3.0,0.01984126984126984,0.03968253968253968,0.013888888888888888,0.012566137566137565,0.0026455026455026454
Маркетплейсы,20261004,20,step,rolling_3m,0,504,1512,0.5195446857018594,0.0,0.003968253968253968,0.005952380952380952,0.015873015873015872,0.015873015873015872,3.0,0.011904761904761904,0.01984126984126984,0.006613756613756613,0.008597883597883597,0.003968253968253968
Маркетплейсы,20261004,20,step,ewma,0,504,1512,0.29106615386763446,0.005952380952380952,0.021825396825396824,0.03373015873015873,0.09523809523809523,0.08928571428571429,3.0,0.05357142857142857,0.10515873015873016,0.04365079365079365,0.046957671957671955,0.018518518518518517
Маркетплейсы,20261004,20,step,cusum,0,504,1512,0.8951974078706024,0.003968253968253968,0.021825396825396824,0.05357142857142857,0.34523809523809523,0.3412698412698413,4.0,0.10317460317460317,0.36507936507936506,0.10978835978835978,0.13095238095238096,0.06613756613756613
Маркетплейсы,20261004,20,pulse,spike,0,504,1512,0.5781953451431561,0.0,0.0,0.0,0.0,0.0,,0.01984126984126984,0.01984126984126984,0.013888888888888888,0.013888888888888888,0.0
Маркетплейсы,20261004,20,pulse,rolling_3m,0,504,1512,0.5195446857018594,0.0,0.001984126984126984,0.003968253968253968,0.003968253968253968,0.003968253968253968,1.5,0.011904761904761904,0.011904761904761904,0.006613756613756613,0.006613756613756613,0.0
Маркетплейсы,20261004,20,pulse,ewma,0,504,1512,0.29106615386763446,0.005952380952380952,0.00992063492063492,0.011904761904761904,0.013888888888888888,0.007936507936507936,1.0,0.05357142857142857,0.057539682539682536,0.04365079365079365,0.04365079365079365,0.0013227513227513227
Маркетплейсы,20261004,20,pulse,cusum,0,504,1512,0.8951974078706024,0.003968253968253968,0.015873015873015872,0.025793650793650792,0.061507936507936505,0.057539682539682536,3.0,0.10317460317460317,0.1130952380952381,0.10978835978835978,0.11177248677248677,0.010582010582010581
Маркетплейсы,20261004,20,ramp,spike,1,504,1512,0.5781953451431561,0.0,0.003968253968253968,0.013888888888888888,0.025793650793650792,0.025793650793650792,2.0,0.01984126984126984,0.031746031746031744,0.013888888888888888,0.013227513227513227,0.0026455026455026454
Маркетплейсы,20261004,20,ramp,rolling_3m,1,504,1512,0.5195446857018594,0.0,0.001984126984126984,0.005952380952380952,0.00992063492063492,0.00992063492063492,2.0,0.011904761904761904,0.017857142857142856,0.006613756613756613,0.009259259259259259,0.003968253968253968
Маркетплейсы,20261004,20,ramp,ewma,1,504,1512,0.29106615386763446,0.001984126984126984,0.005952380952380952,0.013888888888888888,0.04563492063492063,0.04365079365079365,3.0,0.05357142857142857,0.07142857142857142,0.04365079365079365,0.041005291005291,0.009259259259259259
Маркетплейсы,20261004,20,ramp,cusum,1,504,1512,0.8951974078706024,0.001984126984126984,0.00992063492063492,0.01984126984126984,0.10912698412698413,0.10714285714285714,3.0,0.10317460317460317,0.16071428571428573,0.10978835978835978,0.11970899470899471,0.028439153439153438
Маркетплейсы,20261005,-20,step,spike,0,504,1512,0.5781953451431561,0.001984126984126984,0.001984126984126984,0.001984126984126984,0.017857142857142856,0.015873015873015872,4.0,0.00992063492063492,0.021825396825396824,0.017195767195767195,0.017195767195767195,0.003968253968253968
Маркетплейсы,20261005,-20,step,rolling_3m,0,504,1512,0.5195446857018594,0.0,0.0,0.0,0.007936507936507936,0.007936507936507936,5.0,0.005952380952380952,0.00992063492063492,0.008597883597883597,0.00992063492063492,0.001984126984126984
Маркетплейсы,20261005,-20,step,ewma,0,504,1512,0.29106615386763446,0.001984126984126984,0.005952380952380952,0.017857142857142856,0.14087301587301587,0.1388888888888889,4.0,0.0496031746031746,0.1488095238095238,0.04497354497354497,0.0496031746031746,0.01984126984126984
Маркетплейсы,20261005,-20,step,cusum,0,504,1512,0.8951974078706024,0.0,0.007936507936507936,0.057539682539682536,0.5873015873015873,0.5873015873015873,3.0,0.10515873015873016,0.6170634920634921,0.10912698412698413,0.14682539682539683,0.08465608465608465
Маркетплейсы,20261005,-20,pulse,spike,0,504,1512,0.5781953451431561,0.001984126984126984,0.001984126984126984,0.001984126984126984,0.001984126984126984,0.0,0.0,0.00992063492063492,0.011904761904761904,0.017195767195767195,0.017195767195767195,0.0
Маркетплейсы,20261005,-20,pulse,rolling_3m,0,504,1512,0.5195446857018594,0.0,0.0,0.0,0.0,0.0,,0.005952380952380952,0.005952380952380952,0.008597883597883597,0.009259259259259259,0.0006613756613756613
Маркетплейсы,20261005,-20,pulse,ewma,0,504,1512,0.29106615386763446,0.001984126984126984,0.001984126984126984,0.003968253968253968,0.005952380952380952,0.003968253968253968,2.0,0.0496031746031746,0.0496031746031746,0.04497354497354497,0.04497354497354497,0.0
Маркетплейсы,20261005,-20,pulse,cusum,0,504,1512,0.8951974078706024,0.0,0.003968253968253968,0.003968253968253968,0.05952380952380952,0.05952380952380952,4.0,0.10515873015873016,0.13095238095238096,0.10912698412698413,0.1130952380952381,0.01455026455026455
Маркетплейсы,20261005,-20,ramp,spike,1,504,1512,0.5781953451431561,0.0,0.0,0.0,0.013888888888888888,0.013888888888888888,4.0,0.00992063492063492,0.01984126984126984,0.017195767195767195,0.015873015873015872,0.0013227513227513227
Маркетплейсы,20261005,-20,ramp,rolling_3m,1,504,1512,0.5195446857018594,0.0,0.0,0.0,0.005952380952380952,0.005952380952380952,4.0,0.005952380952380952,0.007936507936507936,0.008597883597883597,0.00992063492063492,0.0013227513227513227
Маркетплейсы,20261005,-20,ramp,ewma,1,504,1512,0.29106615386763446,0.0,0.001984126984126984,0.003968253968253968,0.057539682539682536,0.057539682539682536,4.0,0.0496031746031746,0.0873015873015873,0.04497354497354497,0.047619047619047616,0.011243386243386243
Маркетплейсы,20261005,-20,ramp,cusum,1,504,1512,0.8951974078706024,0.0,0.0,0.013888888888888888,0.18055555555555555,0.18055555555555555,4.0,0.10515873015873016,0.22817460317460317,0.10912698412698413,0.12764550264550265,0.03505291005291005
Маркетплейсы,20261005,20,step,spike,0,504,1512,0.5781953451431561,0.003968253968253968,0.005952380952380952,0.015873015873015872,0.031746031746031744,0.027777777777777776,2.5,0.00992063492063492,0.03571428571428571,0.017195767195767195,0.016534391534391533,0.003968253968253968
Маркетплейсы,20261005,20,step,rolling_3m,0,504,1512,0.5195446857018594,0.0,0.005952380952380952,0.007936507936507936,0.017857142857142856,0.017857142857142856,3.0,0.005952380952380952,0.01984126984126984,0.008597883597883597,0.010582010582010581,0.003968253968253968
Маркетплейсы,20261005,20,step,ewma,0,504,1512,0.29106615386763446,0.011904761904761904,0.025793650793650792,0.04563492063492063,0.11706349206349206,0.10515873015873016,3.0,0.0496031746031746,0.12103174603174603,0.04497354497354497,0.04563492063492063,0.017857142857142856
Маркетплейсы,20261005,20,step,cusum,0,504,1512,0.8951974078706024,0.00992063492063492,0.023809523809523808,0.07142857142857142,0.36706349206349204,0.35714285714285715,4.0,0.10515873015873016,0.38095238095238093,0.10912698412698413,0.13227513227513227,0.0667989417989418
Маркетплейсы,20261005,20,pulse,spike,0,504,1512,0.5781953451431561,0.003968253968253968,0.003968253968253968,0.003968253968253968,0.003968253968253968,0.0,0.0,0.00992063492063492,0.011904761904761904,0.017195767195767195,0.017195767195767195,0.0
Маркетплейсы,20261005,20,pulse,rolling_3m,0,504,1512,0.5195446857018594,0.0,0.0,0.0,0.0,0.0,,0.005952380952380952,0.005952380952380952,0.008597883597883597,0.008597883597883597,0.0
Маркетплейсы,20261005,20,pulse,ewma,0,504,1512,0.29106615386763446,0.011904761904761904,0.015873015873015872,0.015873015873015872,0.015873015873015872,0.003968253968253968,0.0,0.0496031746031746,0.047619047619047616,0.04497354497354497,0.04497354497354497,0.001984126984126984
Маркетплейсы,20261005,20,pulse,cusum,0,504,1512,0.8951974078706024,0.00992063492063492,0.01984126984126984,0.025793650793650792,0.07936507936507936,0.06944444444444445,3.0,0.10515873015873016,0.125,0.10912698412698413,0.10978835978835978,0.009259259259259259
Маркетплейсы,20261005,20,ramp,spike,1,504,1512,0.5781953451431561,0.0,0.001984126984126984,0.007936507936507936,0.01984126984126984,0.01984126984126984,3.0,0.00992063492063492,0.025793650793650792,0.017195767195767195,0.016534391534391533,0.0033068783068783067
Маркетплейсы,20261005,20,ramp,rolling_3m,1,504,1512,0.5195446857018594,0.0,0.0,0.001984126984126984,0.011904761904761904,0.011904761904761904,3.0,0.005952380952380952,0.013888888888888888,0.008597883597883597,0.011243386243386243,0.003968253968253968
Маркетплейсы,20261005,20,ramp,ewma,1,504,1512,0.29106615386763446,0.001984126984126984,0.005952380952380952,0.015873015873015872,0.06547619047619048,0.06349206349206349,4.0,0.0496031746031746,0.08333333333333333,0.04497354497354497,0.042328042328042326,0.009259259259259259
Маркетплейсы,20261005,20,ramp,cusum,1,504,1512,0.8951974078706024,0.001984126984126984,0.007936507936507936,0.03373015873015873,0.10912698412698413,0.10714285714285714,3.0,0.10515873015873016,0.16468253968253968,0.10912698412698413,0.11441798941798942,0.02447089947089947
Маркетплейсы,20261006,-20,step,spike,0,504,1512,0.5781953451431561,0.0,0.0,0.003968253968253968,0.01984126984126984,0.01984126984126984,4.0,0.015873015873015872,0.02976190476190476,0.01521164021164021,0.015873015873015872,0.0033068783068783067
Маркетплейсы,20261006,-20,step,rolling_3m,0,504,1512,0.5195446857018594,0.0,0.0,0.001984126984126984,0.013888888888888888,0.013888888888888888,5.0,0.007936507936507936,0.01984126984126984,0.007936507936507936,0.00992063492063492,0.0033068783068783067
Маркетплейсы,20261006,-20,step,ewma,0,504,1512,0.29106615386763446,0.001984126984126984,0.005952380952380952,0.023809523809523808,0.16468253968253968,0.1626984126984127,4.0,0.047619047619047616,0.1746031746031746,0.04563492063492063,0.0496031746031746,0.022486772486772486
Маркетплейсы,20261006,-20,step,cusum,0,504,1512,0.8951974078706024,0.001984126984126984,0.011904761904761904,0.05952380952380952,0.5773809523809523,0.5753968253968254,3.0,0.125,0.5952380952380952,0.10251322751322751,0.1388888888888889,0.0787037037037037
Маркетплейсы,20261006,-20,pulse,spike,0,504,1512,0.5781953451431561,0.0,0.0,0.0,0.0,0.0,,0.015873015873015872,0.015873015873015872,0.01521164021164021,0.01521164021164021,0.0
Маркетплейсы,20261006,-20,pulse,rolling_3m,0,504,1512,0.5195446857018594,0.0,0.0,0.0,0.0,0.0,,0.007936507936507936,0.007936507936507936,0.007936507936507936,0.008597883597883597,0.0013227513227513227
Маркетплейсы,20261006,-20,pulse,ewma,0,504,1512,0.29106615386763446,0.001984126984126984,0.001984126984126984,0.005952380952380952,0.00992063492063492,0.007936507936507936,2.0,0.047619047619047616,0.047619047619047616,0.04563492063492063,0.04497354497354497,0.0013227513227513227
Маркетплейсы,20261006,-20,pulse,cusum,0,504,1512,0.8951974078706024,0.001984126984126984,0.003968253968253968,0.00992063492063492,0.057539682539682536,0.05555555555555555,4.0,0.125,0.1388888888888889,0.10251322751322751,0.10648148148148148,0.017857142857142856
Маркетплейсы,20261006,-20,ramp,spike,1,504,1512,0.5781953451431561,0.0,0.0,0.001984126984126984,0.017857142857142856,0.017857142857142856,3.0,0.015873015873015872,0.027777777777777776,0.01521164021164021,0.015873015873015872,0.0026455026455026454
Маркетплейсы,20261006,-20,ramp,rolling_3m,1,504,1512,0.5195446857018594,0.0,0.0,0.001984126984126984,0.005952380952380952,0.005952380952380952,4.0,0.007936507936507936,0.013888888888888888,0.007936507936507936,0.00992063492063492,0.0026455026455026454
Маркетплейсы,20261006,-20,ramp,ewma,1,504,1512,0.29106615386763446,0.0,0.003968253968253968,0.005952380952380952,0.061507936507936505,0.061507936507936505,4.0,0.047619047619047616,0.08134920634920635,0.04563492063492063,0.047619047619047616,0.013227513227513227
Маркетплейсы,20261006,-20,ramp,cusum,1,504,1512,0.8951974078706024,0.0,0.0,0.015873015873015872,0.19246031746031747,0.19246031746031747,4.0,0.125,0.2361111111111111,0.10251322751322751,0.11838624338624339,0.03571428571428571
Маркетплейсы,20261006,20,step,spike,0,504,1512,0.5781953451431561,0.003968253968253968,0.003968253968253968,0.015873015873015872,0.023809523809523808,0.01984126984126984,2.0,0.015873015873015872,0.031746031746031744,0.01521164021164021,0.01455026455026455,0.0033068783068783067
Маркетплейсы,20261006,20,step,rolling_3m,0,504,1512,0.5195446857018594,0.0,0.001984126984126984,0.003968253968253968,0.013888888888888888,0.013888888888888888,3.0,0.007936507936507936,0.017857142857142856,0.007936507936507936,0.007936507936507936,0.0033068783068783067
Маркетплейсы,20261006,20,step,ewma,0,504,1512,0.29106615386763446,0.003968253968253968,0.011904761904761904,0.03968253968253968,0.1388888888888889,0.1349206349206349,3.0,0.047619047619047616,0.15079365079365079,0.04563492063492063,0.047619047619047616,0.016534391534391533
Маркетплейсы,20261006,20,step,cusum,0,504,1512,0.8951974078706024,0.005952380952380952,0.013888888888888888,0.07738095238095238,0.35119047619047616,0.34523809523809523,4.0,0.125,0.37103174603174605,0.10251322751322751,0.12566137566137567,0.0582010582010582
Маркетплейсы,20261006,20,pulse,spike,0,504,1512,0.5781953451431561,0.003968253968253968,0.003968253968253968,0.003968253968253968,0.003968253968253968,0.0,0.0,0.015873015873015872,0.017857142857142856,0.01521164021164021,0.01521164021164021,0.0
Маркетплейсы,20261006,20,pulse,rolling_3m,0,504,1512,0.5195446857018594,0.0,0.001984126984126984,0.001984126984126984,0.001984126984126984,0.001984126984126984,1.0,0.007936507936507936,0.007936507936507936,0.007936507936507936,0.007936507936507936,0.0
Маркетплейсы,20261006,20,pulse,ewma,0,504,1512,0.29106615386763446,0.003968253968253968,0.003968253968253968,0.003968253968253968,0.003968253968253968,0.0,0.0,0.047619047619047616,0.051587301587301584,0.04563492063492063,0.04563492063492063,0.0013227513227513227
Маркетплейсы,20261006,20,pulse,cusum,0,504,1512,0.8951974078706024,0.005952380952380952,0.00992063492063492,0.01984126984126984,0.08928571428571429,0.08333333333333333,3.0,0.125,0.16468253968253968,0.10251322751322751,0.10515873015873016,0.013227513227513227
Маркетплейсы,20261006,20,ramp,spike,1,504,1512,0.5781953451431561,0.0,0.005952380952380952,0.00992063492063492,0.015873015873015872,0.015873015873015872,2.0,0.015873015873015872,0.023809523809523808,0.01521164021164021,0.01521164021164021,0.0033068783068783067
Маркетплейсы,20261006,20,ramp,rolling_3m,1,504,1512,0.5195446857018594,0.0,0.0,0.001984126984126984,0.007936507936507936,0.007936507936507936,3.5,0.007936507936507936,0.013888888888888888,0.007936507936507936,0.009259259259259259,0.0033068783068783067
Маркетплейсы,20261006,20,ramp,ewma,1,504,1512,0.29106615386763446,0.0,0.001984126984126984,0.007936507936507936,0.06547619047619048,0.06547619047619048,3.0,0.047619047619047616,0.08928571428571429,0.04563492063492063,0.04431216931216931,0.009259259259259259
Маркетплейсы,20261006,20,ramp,cusum,1,504,1512,0.8951974078706024,0.0,0.005952380952380952,0.04365079365079365,0.16071428571428573,0.16071428571428573,3.0,0.125,0.21031746031746032,0.10251322751322751,0.11243386243386243,0.0291005291005291
Маркетплейсы,20261007,-20,step,spike,0,504,1512,0.5781953451431561,0.001984126984126984,0.003968253968253968,0.007936507936507936,0.027777777777777776,0.025793650793650792,4.0,0.023809523809523808,0.03571428571428571,0.012566137566137565,0.013227513227513227,0.003968253968253968
Маркетплейсы,20261007,-20,step,rolling_3m,0,504,1512,0.5195446857018594,0.0,0.001984126984126984,0.003968253968253968,0.021825396825396824,0.021825396825396824,4.0,0.00992063492063492,0.023809523809523808,0.007275132275132275,0.008597883597883597,0.001984126984126984
Маркетплейсы,20261007,-20,step,ewma,0,504,1512,0.29106615386763446,0.003968253968253968,0.013888888888888888,0.03373015873015873,0.13293650793650794,0.12896825396825398,4.0,0.05952380952380952,0.14087301587301587,0.041666666666666664,0.046296296296296294,0.0205026455026455
Маркетплейсы,20261007,-20,step,cusum,0,504,1512,0.8951974078706024,0.001984126984126984,0.00992063492063492,0.061507936507936505,0.5813492063492064,0.5793650793650794,4.0,0.12301587301587301,0.6051587301587301,0.10317460317460317,0.1388888888888889,0.08333333333333333
Маркетплейсы,20261007,-20,pulse,spike,0,504,1512,0.5781953451431561,0.001984126984126984,0.001984126984126984,0.001984126984126984,0.001984126984126984,0.0,0.0,0.023809523809523808,0.023809523809523808,0.012566137566137565,0.012566137566137565,0.0
Маркетплейсы,20261007,-20,pulse,rolling_3m,0,504,1512,0.5195446857018594,0.0,0.0,0.0,0.0,0.0,,0.00992063492063492,0.00992063492063492,0.007275132275132275,0.007936507936507936,0.0006613756613756613
Маркетплейсы,20261007,-20,pulse,ewma,0,504,1512,0.29106615386763446,0.003968253968253968,0.005952380952380952,0.007936507936507936,0.011904761904761904,0.007936507936507936,1.5,0.05952380952380952,0.05952380952380952,0.041666666666666664,0.041005291005291,0.0013227513227513227
Маркетплейсы,20261007,-20,pulse,cusum,0,504,1512,0.8951974078706024,0.001984126984126984,0.005952380952380952,0.015873015873015872,0.05555555555555555,0.05357142857142857,4.0,0.12301587301587301,0.1388888888888889,0.10317460317460317,0.10648148148148148,0.013888888888888888
Маркетплейсы,20261007,-20,ramp,spike,1,504,1512,0.5781953451431561,0.0,0.001984126984126984,0.001984126984126984,0.023809523809523808,0.023809523809523808,4.0,0.023809523809523808,0.03373015873015873,0.012566137566137565,0.012566137566137565,0.001984126984126984
Маркетплейсы,20261007,-20,ramp,rolling_3m,1,504,1512,0.5195446857018594,0.0,0.0,0.0,0.011904761904761904,0.011904761904761904,3.5,0.00992063492063492,0.01984126984126984,0.007275132275132275,0.008597883597883597,0.0013227513227513227
Маркетплейсы,20261007,-20,ramp,ewma,1,504,1512,0.29106615386763446,0.0,0.003968253968253968,0.00992063492063492,0.05357142857142857,0.05357142857142857,4.0,0.05952380952380952,0.08928571428571429,0.041666666666666664,0.04365079365079365,0.013888888888888888
Маркетплейсы,20261007,-20,ramp,cusum,1,504,1512,0.8951974078706024,0.0,0.001984126984126984,0.017857142857142856,0.15079365079365079,0.15079365079365079,4.0,0.12301587301587301,0.2123015873015873,0.10317460317460317,0.11904761904761904,0.03505291005291005
Маркетплейсы,20261007,20,step,spike,0,504,1512,0.5781953451431561,0.001984126984126984,0.001984126984126984,0.00992063492063492,0.03571428571428571,0.03373015873015873,3.0,0.023809523809523808,0.04365079365079365,0.012566137566137565,0.013888888888888888,0.0033068783068783067
Маркетплейсы,20261007,20,step,rolling_3m,0,504,1512,0.5195446857018594,0.0,0.001984126984126984,0.001984126984126984,0.01984126984126984,0.01984126984126984,3.0,0.00992063492063492,0.023809523809523808,0.007275132275132275,0.007275132275132275,0.0026455026455026454
Маркетплейсы,20261007,20,step,ewma,0,504,1512,0.29106615386763446,0.003968253968253968,0.02976190476190476,0.057539682539682536,0.13095238095238096,0.12698412698412698,3.0,0.05952380952380952,0.14682539682539683,0.041666666666666664,0.04365079365079365,0.01455026455026455
Маркетплейсы,20261007,20,step,cusum,0,504,1512,0.8951974078706024,0.005952380952380952,0.03373015873015873,0.08928571428571429,0.37896825396825395,0.373015873015873,4.0,0.12301587301587301,0.39880952380952384,0.10317460317460317,0.1283068783068783,0.0667989417989418
Маркетплейсы,20261007,20,pulse,spike,0,504,1512,0.5781953451431561,0.001984126984126984,0.001984126984126984,0.001984126984126984,0.001984126984126984,0.0,0.0,0.023809523809523808,0.025793650793650792,0.012566137566137565,0.012566137566137565,0.0
Маркетплейсы,20261007,20,pulse,rolling_3m,0,504,1512,0.5195446857018594,0.0,0.0,0.0,0.0,0.0,,0.00992063492063492,0.00992063492063492,0.007275132275132275,0.007275132275132275,0.0
Маркетплейсы,20261007,20,pulse,ewma,0,504,1512,0.29106615386763446,0.003968253968253968,0.00992063492063492,0.013888888888888888,0.013888888888888888,0.00992063492063492,1.0,0.05952380952380952,0.06547619047619048,0.041666666666666664,0.041666666666666664,0.001984126984126984
Маркетплейсы,20261007,20,pulse,cusum,0,504,1512,0.8951974078706024,0.005952380952380952,0.015873015873015872,0.023809523809523808,0.0873015873015873,0.08134920634920635,3.0,0.12301587301587301,0.1527777777777778,0.10317460317460317,0.10515873015873016,0.011243386243386243
Маркетплейсы,20261007,20,ramp,spike,1,504,1512,0.5781953451431561,0.0,0.0,0.005952380952380952,0.021825396825396824,0.021825396825396824,3.0,0.023809523809523808,0.03571428571428571,0.012566137566137565,0.013227513227513227,0.0026455026455026454
Маркетплейсы,20261007,20,ramp,rolling_3m,1,504,1512,0.5195446857018594,0.0,0.0,0.003968253968253968,0.015873015873015872,0.015873015873015872,3.5,0.00992063492063492,0.023809523809523808,0.007275132275132275,0.008597883597883597,0.0026455026455026454
Маркетплейсы,20261007,20,ramp,ewma,1,504,1512,0.29106615386763446,0.0,0.011904761904761904,0.023809523809523808,0.06746031746031746,0.06746031746031746,3.0,0.05952380952380952,0.09523809523809523,0.041666666666666664,0.04034391534391534,0.007936507936507936
Маркетплейсы,20261007,20,ramp,cusum,1,504,1512,0.8951974078706024,0.0,0.005952380952380952,0.031746031746031744,0.13095238095238096,0.13095238095238096,3.0,0.12301587301587301,0.20238095238095238,0.10317460317460317,0.10846560846560846,0.026455026455026454
Маркетплейсы,20261008,-20,step,spike,0,504,1512,0.5781953451431561,0.001984126984126984,0.005952380952380952,0.00992063492063492,0.025793650793650792,0.023809523809523808,4.0,0.01984126984126984,0.03373015873015873,0.013888888888888888,0.013888888888888888,0.0033068783068783067
Маркетплейсы,20261008,-20,step,rolling_3m,0,504,1512,0.5195446857018594,0.0,0.001984126984126984,0.003968253968253968,0.015873015873015872,0.015873015873015872,4.0,0.00992063492063492,0.01984126984126984,0.007275132275132275,0.008597883597883597,0.001984126984126984
Маркетплейсы,20261008,-20,step,ewma,0,504,1512,0.29106615386763446,0.003968253968253968,0.023809523809523808,0.047619047619047616,0.18452380952380953,0.18055555555555555,3.0,0.05357142857142857,0.19642857142857142,0.04365079365079365,0.047619047619047616,0.021825396825396824
Маркетплейсы,20261008,-20,step,cusum,0,504,1512,0.8951974078706024,0.0,0.027777777777777776,0.08134920634920635,0.6011904761904762,0.6011904761904762,3.0,0.12698412698412698,0.623015873015873,0.10185185185185185,0.14153439153439154,0.08597883597883597
Маркетплейсы,20261008,-20,pulse,spike,0,504,1512,0.5781953451431561,0.001984126984126984,0.001984126984126984,0.001984126984126984,0.001984126984126984,0.0,0.0,0.01984126984126984,0.01984126984126984,0.013888888888888888,0.013888888888888888,0.0
Маркетплейсы,20261008,-20,pulse,rolling_3m,0,504,1512,0.5195446857018594,0.0,0.0,0.0,0.0,0.0,,0.00992063492063492,0.00992063492063492,0.007275132275132275,0.007936507936507936,0.0006613756613756613
Маркетплейсы,20261008,-20,pulse,ewma,0,504,1512,0.29106615386763446,0.003968253968253968,0.005952380952380952,0.00992063492063492,0.011904761904761904,0.007936507936507936,1.5,0.05357142857142857,0.05357142857142857,0.04365079365079365,0.04298941798941799,0.0013227513227513227
Маркетплейсы,20261008,-20,pulse,cusum,0,504,1512,0.8951974078706024,0.0,0.005952380952380952,0.01984126984126984,0.07539682539682539,0.07539682539682539,4.0,0.12698412698412698,0.15873015873015872,0.10185185185185185,0.10648148148148148,0.016534391534391533
Маркетплейсы,20261008,-20,ramp,spike,1,504,1512,0.5781953451431561,0.0,0.001984126984126984,0.003968253968253968,0.01984126984126984,0.01984126984126984,3.0,0.01984126984126984,0.02976190476190476,0.013888888888888888,0.013227513227513227,0.001984126984126984
Маркетплейсы,20261008,-20,ramp,rolling_3m,1,504,1512,0.5195446857018594,0.0,0.0,0.0,0.007936507936507936,0.007936507936507936,4.0,0.00992063492063492,0.015873015873015872,0.007275132275132275,0.008597883597883597,0.0013227513227513227
Маркетплейсы,20261008,-20,ramp,ewma,1,504,1512,0.29106615386763446,0.0,0.007936507936507936,0.017857142857142856,0.07341269841269842,0.07341269841269842,4.0,0.05357142857142857,0.10515873015873016,0.04365079365079365,0.046296296296296294,0.013227513227513227
Маркетплейсы,20261008,-20,ramp,cusum,1,504,1512,0.8951974078706024,0.0,0.005952380952380952,0.017857142857142856,0.19047619047619047,0.19047619047619047,4.0,0.12698412698412698,0.25793650793650796,0.10185185185185185,0.12301587301587301,0.04034391534391534
Маркетплейсы,20261008,20,step,spike,0,504,1512,0.5781953451431561,0.001984126984126984,0.001984126984126984,0.015873015873015872,0.02976190476190476,0.027777777777777776,2.0,0.01984126984126984,0.03571428571428571,0.013888888888888888,0.013888888888888888,0.0033068783068783067
Маркетплейсы,20261008,20,step,rolling_3m,0,504,1512,0.5195446857018594,0.0,0.001984126984126984,0.003968253968253968,0.01984126984126984,0.01984126984126984,3.0,0.00992063492063492,0.01984126984126984,0.007275132275132275,0.009259259259259259,0.004629629629629629
Маркетплейсы,20261008,20,step,ewma,0,504,1512,0.29106615386763446,0.005952380952380952,0.015873015873015872,0.041666666666666664,0.10714285714285714,0.10119047619047619,3.0,0.05357142857142857,0.12301587301587301,0.04365079365079365,0.041005291005291,0.012566137566137565
Маркетплейсы,20261008,20,step,cusum,0,504,1512,0.8951974078706024,0.005952380952380952,0.01984126984126984,0.07341269841269842,0.3353174603174603,0.32936507936507936,4.0,0.12698412698412698,0.3630952380952381,0.10185185185185185,0.12037037037037036,0.06084656084656084
Маркетплейсы,20261008,20,pulse,spike,0,504,1512,0.5781953451431561,0.001984126984126984,0.001984126984126984,0.001984126984126984,0.001984126984126984,0.0,0.0,0.01984126984126984,0.01984126984126984,0.013888888888888888,0.013888888888888888,0.0
Маркетплейсы,20261008,20,pulse,rolling_3m,0,504,1512,0.5195446857018594,0.0,0.0,0.0,0.0,0.0,,0.00992063492063492,0.00992063492063492,0.007275132275132275,0.007275132275132275,0.0
Маркетплейсы,20261008,20,pulse,ewma,0,504,1512,0.29106615386763446,0.005952380952380952,0.007936507936507936,0.007936507936507936,0.00992063492063492,0.003968253968253968,0.0,0.05357142857142857,0.057539682539682536,0.04365079365079365,0.04365079365079365,0.001984126984126984
Маркетплейсы,20261008,20,pulse,cusum,0,504,1512,0.8951974078706024,0.005952380952380952,0.00992063492063492,0.017857142857142856,0.06349206349206349,0.057539682539682536,3.0,0.12698412698412698,0.14285714285714285,0.10185185185185185,0.10185185185185185,0.007936507936507936
Маркетплейсы,20261008,20,ramp,spike,1,504,1512,0.5781953451431561,0.0,0.005952380952380952,0.015873015873015872,0.023809523809523808,0.023809523809523808,2.0,0.01984126984126984,0.03571428571428571,0.013888888888888888,0.01455026455026455,0.0033068783068783067
Маркетплейсы,20261008,20,ramp,rolling_3m,1,504,1512,0.5195446857018594,0.0,0.0,0.003968253968253968,0.017857142857142856,0.017857142857142856,3.0,0.00992063492063492,0.021825396825396824,0.007275132275132275,0.00992063492063492,0.004629629629629629
Маркетплейсы,20261008,20,ramp,ewma,1,504,1512,0.29106615386763446,0.0,0.001984126984126984,0.00992063492063492,0.05555555555555555,0.05555555555555555,3.0,0.05357142857142857,0.08531746031746032,0.04365079365079365,0.03968253968253968,0.005952380952380952
Маркетплейсы,20261008,20,ramp,cusum,1,504,1512,0.8951974078706024,0.003968253968253968,0.00992063492063492,0.031746031746031744,0.12698412698412698,0.12301587301587301,4.0,0.12698412698412698,0.19642857142857142,0.10185185185185185,0.10515873015873016,0.02447089947089947
Маркетплейсы,20261009,-20,step,spike,0,504,1512,0.5781953451431561,0.001984126984126984,0.003968253968253968,0.003968253968253968,0.011904761904761904,0.00992063492063492,4.0,0.01984126984126984,0.025793650793650792,0.013888888888888888,0.015873015873015872,0.004629629629629629
Маркетплейсы,20261009,-20,step,rolling_3m,0,504,1512,0.5195446857018594,0.0,0.0,0.0,0.007936507936507936,0.007936507936507936,4.0,0.013888888888888888,0.013888888888888888,0.005952380952380952,0.007936507936507936,0.0033068783068783067
Маркетплейсы,20261009,-20,step,ewma,0,504,1512,0.29106615386763446,0.007936507936507936,0.015873015873015872,0.025793650793650792,0.15079365079365079,0.14285714285714285,4.0,0.04563492063492063,0.16666666666666666,0.046296296296296294,0.05092592592592592,0.01917989417989418
Маркетплейсы,20261009,-20,step,cusum,0,504,1512,0.8951974078706024,0.003968253968253968,0.01984126984126984,0.05357142857142857,0.5753968253968254,0.5714285714285714,4.0,0.1111111111111111,0.6051587301587301,0.10714285714285714,0.14484126984126985,0.083994708994709
Маркетплейсы,20261009,-20,pulse,spike,0,504,1512,0.5781953451431561,0.001984126984126984,0.001984126984126984,0.001984126984126984,0.001984126984126984,0.0,0.0,0.01984126984126984,0.021825396825396824,0.013888888888888888,0.013888888888888888,0.0
Маркетплейсы,20261009,-20,pulse,rolling_3m,0,504,1512,0.5195446857018594,0.0,0.0,0.0,0.0,0.0,,0.013888888888888888,0.013888888888888888,0.005952380952380952,0.006613756613756613,0.0006613756613756613
Маркетплейсы,20261009,-20,pulse,ewma,0,504,1512,0.29106615386763446,0.007936507936507936,0.00992063492063492,0.013888888888888888,0.013888888888888888,0.005952380952380952,0.0,0.04563492063492063,0.05357142857142857,0.046296296296296294,0.04563492063492063,0.0006613756613756613
Маркетплейсы,20261009,-20,pulse,cusum,0,504,1512,0.8951974078706024,0.003968253968253968,0.011904761904761904,0.017857142857142856,0.047619047619047616,0.04365079365079365,3.0,0.1111111111111111,0.1130952380952381,0.10714285714285714,0.10978835978835978,0.013227513227513227
Маркетплейсы,20261009,-20,ramp,spike,1,504,1512,0.5781953451431561,0.0,0.0,0.0,0.007936507936507936,0.007936507936507936,3.0,0.01984126984126984,0.023809523809523808,0.013888888888888888,0.01455026455026455,0.0026455026455026454
Маркетплейсы,20261009,-20,ramp,rolling_3m,1,504,1512,0.5195446857018594,0.0,0.0,0.0,0.005952380952380952,0.005952380952380952,3.0,0.013888888888888888,0.011904761904761904,0.005952380952380952,0.007936507936507936,0.001984126984126984
Маркетплейсы,20261009,-20,ramp,ewma,1,504,1512,0.29106615386763446,0.0,0.005952380952380952,0.005952380952380952,0.0496031746031746,0.0496031746031746,4.0,0.04563492063492063,0.07738095238095238,0.046296296296296294,0.05026455026455026,0.013227513227513227
Маркетплейсы,20261009,-20,ramp,cusum,1,504,1512,0.8951974078706024,0.0,0.0,0.011904761904761904,0.15873015873015872,0.15873015873015872,4.0,0.1111111111111111,0.2222222222222222,0.10714285714285714,0.12367724867724868,0.037698412698412696
Маркетплейсы,20261009,20,step,spike,0,504,1512,0.5781953451431561,0.001984126984126984,0.003968253968253968,0.011904761904761904,0.031746031746031744,0.02976190476190476,3.0,0.01984126984126984,0.041666666666666664,0.013888888888888888,0.013888888888888888,0.005291005291005291
Маркетплейсы,20261009,20,step,rolling_3m,0,504,1512,0.5195446857018594,0.0,0.003968253968253968,0.003968253968253968,0.01984126984126984,0.01984126984126984,3.0,0.013888888888888888,0.025793650793650792,0.005952380952380952,0.008597883597883597,0.003968253968253968
Маркетплейсы,20261009,20,step,ewma,0,504,1512,0.29106615386763446,0.003968253968253968,0.021825396825396824,0.04365079365079365,0.10912698412698413,0.10515873015873016,3.0,0.04563492063492063,0.12301587301587301,0.046296296296296294,0.04894179894179894,0.01917989417989418
Маркетплейсы,20261009,20,step,cusum,0,504,1512,0.8951974078706024,0.007936507936507936,0.021825396825396824,0.06944444444444445,0.3531746031746032,0.34523809523809523,4.0,0.1111111111111111,0.38095238095238093,0.10714285714285714,0.13425925925925927,0.07142857142857142
Маркетплейсы,20261009,20,pulse,spike,0,504,1512,0.5781953451431561,0.001984126984126984,0.001984126984126984,0.001984126984126984,0.001984126984126984,0.0,0.0,0.01984126984126984,0.01984126984126984,0.013888888888888888,0.013888888888888888,0.0
Маркетплейсы,20261009,20,pulse,rolling_3m,0,504,1512,0.5195446857018594,0.0,0.0,0.0,0.0,0.0,,0.013888888888888888,0.013888888888888888,0.005952380952380952,0.005952380952380952,0.0
Маркетплейсы,20261009,20,pulse,ewma,0,504,1512,0.29106615386763446,0.003968253968253968,0.00992063492063492,0.011904761904761904,0.011904761904761904,0.007936507936507936,1.0,0.04563492063492063,0.047619047619047616,0.046296296296296294,0.046296296296296294,0.001984126984126984
Маркетплейсы,20261009,20,pulse,cusum,0,504,1512,0.8951974078706024,0.007936507936507936,0.011904761904761904,0.017857142857142856,0.08134920634920635,0.07341269841269842,4.0,0.1111111111111111,0.14484126984126985,0.10714285714285714,0.11044973544973545,0.012566137566137565
Маркетплейсы,20261009,20,ramp,spike,1,504,1512,0.5781953451431561,0.0,0.001984126984126984,0.003968253968253968,0.01984126984126984,0.01984126984126984,3.0,0.01984126984126984,0.03373015873015873,0.013888888888888888,0.013888888888888888,0.003968253968253968
Маркетплейсы,20261009,20,ramp,rolling_3m,1,504,1512,0.5195446857018594,0.0,0.0,0.003968253968253968,0.015873015873015872,0.015873015873015872,3.5,0.013888888888888888,0.023809523809523808,0.005952380952380952,0.009259259259259259,0.003968253968253968
Маркетплейсы,20261009,20,ramp,ewma,1,504,1512,0.29106615386763446,0.001984126984126984,0.007936507936507936,0.015873015873015872,0.061507936507936505,0.05952380952380952,3.0,0.04563492063492063,0.08333333333333333,0.046296296296296294,0.04497354497354497,0.00992063492063492
Маркетплейсы,20261009,20,ramp,cusum,1,504,1512,0.8951974078706024,0.001984126984126984,0.007936507936507936,0.025793650793650792,0.13293650793650794,0.13095238095238096,3.0,0.1111111111111111,0.1865079365079365,0.10714285714285714,0.11838624338624339,0.03306878306878307
Маркетплейсы,20261010,-20,step,spike,0,504,1512,0.5781953451431561,0.003968253968253968,0.003968253968253968,0.005952380952380952,0.021825396825396824,0.017857142857142856,3.0,0.013888888888888888,0.031746031746031744,0.015873015873015872,0.015873015873015872,0.0033068783068783067
Маркетплейсы,20261010,-20,step,rolling_3m,0,504,1512,0.5195446857018594,0.0,0.001984126984126984,0.001984126984126984,0.00992063492063492,0.00992063492063492,4.0,0.00992063492063492,0.015873015873015872,0.007275132275132275,0.009259259259259259,0.001984126984126984
Маркетплейсы,20261010,-20,step,ewma,0,504,1512,0.29106615386763446,0.003968253968253968,0.005952380952380952,0.031746031746031744,0.1488095238095238,0.14484126984126985,4.0,0.041666666666666664,0.15873015873015872,0.047619047619047616,0.052248677248677246,0.021825396825396824
Маркетплейсы,20261010,-20,step,cusum,0,504,1512,0.8951974078706024,0.0,0.007936507936507936,0.05952380952380952,0.5674603174603174,0.5674603174603174,3.0,0.11706349206349206,0.5873015873015873,0.10515873015873016,0.14682539682539683,0.08597883597883597
Маркетплейсы,20261010,-20,pulse,spike,0,504,1512,0.5781953451431561,0.003968253968253968,0.003968253968253968,0.003968253968253968,0.003968253968253968,0.0,0.0,0.013888888888888888,0.015873015873015872,0.015873015873015872,0.015873015873015872,0.0
Маркетплейсы,20261010,-20,pulse,rolling_3m,0,504,1512,0.5195446857018594,0.0,0.0,0.0,0.0,0.0,,0.00992063492063492,0.00992063492063492,0.007275132275132275,0.007936507936507936,0.0006613756613756613
Маркетплейсы,20261010,-20,pulse,ewma,0,504,1512,0.29106615386763446,0.003968253968253968,0.003968253968253968,0.005952380952380952,0.007936507936507936,0.003968253968253968,1.0,0.041666666666666664,0.04365079365079365,0.047619047619047616,0.046957671957671955,0.0006613756613756613
Маркетплейсы,20261010,-20,pulse,cusum,0,504,1512,0.8951974078706024,0.0,0.003968253968253968,0.011904761904761904,0.06547619047619048,0.06547619047619048,4.0,0.11706349206349206,0.1388888888888889,0.10515873015873016,0.10978835978835978,0.015873015873015872
Маркетплейсы,20261010,-20,ramp,spike,1,504,1512,0.5781953451431561,0.0,0.0,0.001984126984126984,0.013888888888888888,0.013888888888888888,3.0,0.013888888888888888,0.023809523809523808,0.015873015873015872,0.01521164021164021,0.0013227513227513227
Маркетплейсы,20261010,-20,ramp,rolling_3m,1,504,1512,0.5195446857018594,0.0,0.0,0.0,0.007936507936507936,0.007936507936507936,4.0,0.00992063492063492,0.015873015873015872,0.007275132275132275,0.009259259259259259,0.001984126984126984
Маркетплейсы,20261010,-20,ramp,ewma,1,504,1512,0.29106615386763446,0.0,0.003968253968253968,0.00992063492063492,0.05357142857142857,0.05357142857142857,4.0,0.041666666666666664,0.07936507936507936,0.047619047619047616,0.05092592592592592,0.01455026455026455
Маркетплейсы,20261010,-20,ramp,cusum,1,504,1512,0.8951974078706024,0.0,0.003968253968253968,0.023809523809523808,0.18253968253968253,0.18253968253968253,4.0,0.11706349206349206,0.2261904761904762,0.10515873015873016,0.1283068783068783,0.04298941798941799
Маркетплейсы,20261010,20,step,spike,0,504,1512,0.5781953451431561,0.003968253968253968,0.007936507936507936,0.015873015873015872,0.02976190476190476,0.025793650793650792,2.0,0.013888888888888888,0.03571428571428571,0.015873015873015872,0.01455026455026455,0.0026455026455026454
Маркетплейсы,20261010,20,step,rolling_3m,0,504,1512,0.5195446857018594,0.0,0.003968253968253968,0.00992063492063492,0.01984126984126984,0.01984126984126984,2.5,0.00992063492063492,0.021825396825396824,0.007275132275132275,0.007936507936507936,0.0033068783068783067
Маркетплейсы,20261010,20,step,ewma,0,504,1512,0.29106615386763446,0.011904761904761904,0.027777777777777776,0.047619047619047616,0.10912698412698413,0.09722222222222222,3.0,0.041666666666666664,0.125,0.047619047619047616,0.047619047619047616,0.016534391534391533
Маркетплейсы,20261010,20,step,cusum,0,504,1512,0.8951974078706024,0.003968253968253968,0.021825396825396824,0.07539682539682539,0.375,0.37103174603174605,4.0,0.11706349206349206,0.3968253968253968,0.10515873015873016,0.12632275132275134,0.05886243386243386
Маркетплейсы,20261010,20,pulse,spike,0,504,1512,0.5781953451431561,0.003968253968253968,0.003968253968253968,0.003968253968253968,0.003968253968253968,0.0,0.0,0.013888888888888888,0.015873015873015872,0.015873015873015872,0.015873015873015872,0.0
Маркетплейсы,20261010,20,pulse,rolling_3m,0,504,1512,0.5195446857018594,0.0,0.001984126984126984,0.003968253968253968,0.003968253968253968,0.003968253968253968,1.5,0.00992063492063492,0.00992063492063492,0.007275132275132275,0.007275132275132275,0.0
Маркетплейсы,20261010,20,pulse,ewma,0,504,1512,0.29106615386763446,0.011904761904761904,0.013888888888888888,0.013888888888888888,0.013888888888888888,0.001984126984126984,0.0,0.041666666666666664,0.0496031746031746,0.047619047619047616,0.047619047619047616,0.0013227513227513227
Маркетплейсы,20261010,20,pulse,cusum,0,504,1512,0.8951974078706024,0.003968253968253968,0.00992063492063492,0.021825396825396824,0.07539682539682539,0.07142857142857142,3.0,0.11706349206349206,0.1349206349206349,0.10515873015873016,0.10912698412698413,0.011243386243386243
Маркетплейсы,20261010,20,ramp,spike,1,504,1512,0.5781953451431561,0.0,0.003968253968253968,0.011904761904761904,0.01984126984126984,0.01984126984126984,2.0,0.013888888888888888,0.02976190476190476,0.015873015873015872,0.01521164021164021,0.0026455026455026454
Маркетплейсы,20261010,20,ramp,rolling_3m,1,504,1512,0.5195446857018594,0.0,0.001984126984126984,0.003968253968253968,0.00992063492063492,0.00992063492063492,3.0,0.00992063492063492,0.015873015873015872,0.007275132275132275,0.009259259259259259,0.0033068783068783067
Маркетплейсы,20261010,20,ramp,ewma,1,504,1512,0.29106615386763446,0.0,0.005952380952380952,0.007936507936507936,0.051587301587301584,0.051587301587301584,3.5,0.041666666666666664,0.07142857142857142,0.047619047619047616,0.046296296296296294,0.010582010582010581
Маркетплейсы,20261010,20,ramp,cusum,1,504,1512,0.8951974078706024,0.001984126984126984,0.00992063492063492,0.04365079365079365,0.13293650793650794,0.13095238095238096,3.0,0.11706349206349206,0.1865079365079365,0.10515873015873016,0.11375661375661375,0.027777777777777776
Общественное питание,20261001,-20,step,spike,0,504,1512,1.1479654899837144,0.0,0.0,0.0,0.007936507936507936,0.007936507936507936,4.0,0.015873015873015872,0.021825396825396824,0.023148148148148147,0.02447089947089947,0.001984126984126984
Общественное питание,20261001,-20,step,rolling_3m,0,504,1512,0.9676368069361972,0.0,0.001984126984126984,0.003968253968253968,0.005952380952380952,0.005952380952380952,2.0,0.013888888888888888,0.011904761904761904,0.017195767195767195,0.0205026455026455,0.005291005291005291
Общественное питание,20261001,-20,step,ewma,0,504,1512,0.5911860262795833,0.001984126984126984,0.001984126984126984,0.003968253968253968,0.031746031746031744,0.02976190476190476,4.0,0.047619047619047616,0.0496031746031746,0.06547619047619048,0.07076719576719577,0.0205026455026455
Общественное питание,20261001,-20,step,cusum,0,504,1512,1.7594629203691499,0.0,0.005952380952380952,0.023809523809523808,0.20833333333333334,0.20833333333333334,4.0,0.21031746031746032,0.28174603174603174,0.20965608465608465,0.21428571428571427,0.0701058201058201
Общественное питание,20261001,-20,pulse,spike,0,504,1512,1.1479654899837144,0.0,0.0,0.0,0.0,0.0,,0.015873015873015872,0.015873015873015872,0.023148148148148147,0.023148148148148147,0.0
Общественное питание,20261001,-20,pulse,rolling_3m,0,504,1512,0.9676368069361972,0.0,0.0,0.0,0.0,0.0,,0.013888888888888888,0.013888888888888888,0.017195767195767195,0.017195767195767195,0.0
Общественное питание,20261001,-20,pulse,ewma,0,504,1512,0.5911860262795833,0.001984126984126984,0.001984126984126984,0.001984126984126984,0.003968253968253968,0.001984126984126984,2.5,0.047619047619047616,0.04563492063492063,0.06547619047619048,0.06547619047619048,0.0013227513227513227
Общественное питание,20261001,-20,pulse,cusum,0,504,1512,1.7594629203691499,0.0,0.0,0.003968253968253968,0.02976190476190476,0.02976190476190476,4.0,0.21031746031746032,0.19246031746031747,0.20965608465608465,0.21164021164021163,0.018518518518518517
Общественное питание,20261001,-20,ramp,spike,1,504,1512,1.1479654899837144,0.0,0.0,0.0,0.005952380952380952,0.005952380952380952,3.0,0.015873015873015872,0.021825396825396824,0.023148148148148147,0.023809523809523808,0.0013227513227513227
Общественное питание,20261001,-20,ramp,rolling_3m,1,504,1512,0.9676368069361972,0.0,0.0,0.0,0.0,0.0,,0.013888888888888888,0.007936507936507936,0.017195767195767195,0.017857142857142856,0.0026455026455026454
Общественное питание,20261001,-20,ramp,ewma,1,504,1512,0.5911860262795833,0.001984126984126984,0.001984126984126984,0.003968253968253968,0.023809523809523808,0.021825396825396824,3.5,0.047619047619047616,0.051587301587301584,0.06547619047619048,0.0701058201058201,0.00992063492063492
Общественное питание,20261001,-20,ramp,cusum,1,504,1512,1.7594629203691499,0.0,0.001984126984126984,0.011904761904761904,0.06349206349206349,0.06349206349206349,4.0,0.21031746031746032,0.2003968253968254,0.20965608465608465,0.2123015873015873,0.025793650793650792
Общественное питание,20261001,20,step,spike,0,504,1512,1.1479654899837144,0.003968253968253968,0.003968253968253968,0.003968253968253968,0.011904761904761904,0.007936507936507936,4.5,0.015873015873015872,0.023809523809523808,0.023148148148148147,0.021825396825396824,0.001984126984126984
Общественное питание,20261001,20,step,rolling_3m,0,504,1512,0.9676368069361972,0.001984126984126984,0.001984126984126984,0.001984126984126984,0.007936507936507936,0.005952380952380952,3.5,0.013888888888888888,0.015873015873015872,0.017195767195767195,0.01455026455026455,0.0
Общественное питание,20261001,20,step,ewma,0,504,1512,0.5911860262795833,0.003968253968253968,0.007936507936507936,0.021825396825396824,0.07738095238095238,0.07341269841269842,3.0,0.047619047619047616,0.09523809523809523,0.06547619047619048,0.061507936507936505,0.0026455026455026454
Общественное питание,20261001,20,step,cusum,0,504,1512,1.7594629203691499,0.007936507936507936,0.02976190476190476,0.08134920634920635,0.2619047619047619,0.25396825396825395,3.0,0.21031746031746032,0.31547619047619047,0.20965608465608465,0.1984126984126984,0.022486772486772486
Общественное питание,20261001,20,pulse,spike,0,504,1512,1.1479654899837144,0.003968253968253968,0.003968253968253968,0.003968253968253968,0.003968253968253968,0.0,0.0,0.015873015873015872,0.017857142857142856,0.023148148148148147,0.023148148148148147,0.0
Общественное питание,20261001,20,pulse,rolling_3m,0,504,1512,0.9676368069361972,0.001984126984126984,0.001984126984126984,0.001984126984126984,0.001984126984126984,0.0,0.0,0.013888888888888888,0.013888888888888888,0.017195767195767195,0.017195767195767195,0.0
Общественное питание,20261001,20,pulse,ewma,0,504,1512,0.5911860262795833,0.003968253968253968,0.005952380952380952,0.00992063492063492,0.011904761904761904,0.007936507936507936,1.5,0.047619047619047616,0.051587301587301584,0.06547619047619048,0.06481481481481481,0.0006613756613756613
Общественное питание,20261001,20,pulse,cusum,0,504,1512,1.7594629203691499,0.007936507936507936,0.013888888888888888,0.03571428571428571,0.07539682539682539,0.06746031746031746,3.0,0.21031746031746032,0.22023809523809523,0.20965608465608465,0.20634920634920634,0.003968253968253968
Общественное питание,20261001,20,ramp,spike,1,504,1512,1.1479654899837144,0.0,0.0,0.0,0.005952380952380952,0.005952380952380952,4.0,0.015873015873015872,0.01984126984126984,0.023148148148148147,0.022486772486772486,0.001984126984126984
Общественное питание,20261001,20,ramp,rolling_3m,1,504,1512,0.9676368069361972,0.0,0.0,0.001984126984126984,0.003968253968253968,0.003968253968253968,3.0,0.013888888888888888,0.013888888888888888,0.017195767195767195,0.015873015873015872,0.0
Общественное питание,20261001,20,ramp,ewma,1,504,1512,0.5911860262795833,0.001984126984126984,0.007936507936507936,0.021825396825396824,0.05555555555555555,0.05357142857142857,3.0,0.047619047619047616,0.08531746031746032,0.06547619047619048,0.062169312169312166,0.0026455026455026454
Общественное питание,20261001,20,ramp,cusum,1,504,1512,1.7594629203691499,0.0,0.015873015873015872,0.027777777777777776,0.12301587301587301,0.12301587301587301,3.5,0.21031746031746032,0.25793650793650796,0.20965608465608465,0.20238095238095238,0.010582010582010581
Общественное питание,20261002,-20,step,spike,0,504,1512,1.1479654899837144,0.0,0.001984126984126984,0.001984126984126984,0.007936507936507936,0.007936507936507936,5.0,0.027777777777777776,0.01984126984126984,0.01917989417989418,0.01984126984126984,0.001984126984126984
Общественное питание,20261002,-20,step,rolling_3m,0,504,1512,0.9676368069361972,0.0,0.001984126984126984,0.003968253968253968,0.005952380952380952,0.005952380952380952,2.0,0.01984126984126984,0.015873015873015872,0.01521164021164021,0.017195767195767195,0.003968253968253968
Общественное питание,20261002,-20,step,ewma,0,504,1512,0.5911860262795833,0.001984126984126984,0.007936507936507936,0.00992063492063492,0.025793650793650792,0.023809523809523808,4.0,0.05952380952380952,0.05357142857142857,0.061507936507936505,0.0667989417989418,0.01917989417989418
Общественное питание,20261002,-20,step,cusum,0,504,1512,1.7594629203691499,0.0,0.007936507936507936,0.017857142857142856,0.19246031746031747,0.19246031746031747,4.0,0.21428571428571427,0.27976190476190477,0.20833333333333334,0.2156084656084656,0.07076719576719577
Общественное питание,20261002,-20,pulse,spike,0,504,1512,1.1479654899837144,0.0,0.0,0.0,0.0,0.0,,0.027777777777777776,0.027777777777777776,0.01917989417989418,0.018518518518518517,0.0
Общественное питание,20261002,-20,pulse,rolling_3m,0,504,1512,0.9676368069361972,0.0,0.0,0.0,0.0,0.0,,0.01984126984126984,0.01984126984126984,0.01521164021164021,0.01521164021164021,0.0
Общественное питание,20261002,-20,pulse,ewma,0,504,1512,0.5911860262795833,0.001984126984126984,0.003968253968253968,0.003968253968253968,0.003968253968253968,0.001984126984126984,0.5,0.05952380952380952,0.05952380952380952,0.061507936507936505,0.06084656084656084,0.001984126984126984
Общественное питание,20261002,-20,pulse,cusum,0,504,1512,1.7594629203691499,0.0,0.0,0.003968253968253968,0.025793650793650792,0.025793650793650792,4.0,0.21428571428571427,0.19444444444444445,0.20833333333333334,0.21164021164021163,0.021164021164021163
Общественное питание,20261002,-20,ramp,spike,1,504,1512,1.1479654899837144,0.0,0.001984126984126984,0.001984126984126984,0.007936507936507936,0.007936507936507936,4.0,0.027777777777777776,0.021825396825396824,0.01917989417989418,0.0205026455026455,0.001984126984126984
Общественное питание,20261002,-20,ramp,rolling_3m,1,504,1512,0.9676368069361972,0.0,0.0,0.0,0.001984126984126984,0.001984126984126984,4.0,0.01984126984126984,0.017857142857142856,0.01521164021164021,0.015873015873015872,0.0026455026455026454
Общественное питание,20261002,-20,ramp,ewma,1,504,1512,0.5911860262795833,0.0,0.003968253968253968,0.005952380952380952,0.013888888888888888,0.013888888888888888,3.0,0.05952380952380952,0.05555555555555555,0.061507936507936505,0.06547619047619048,0.00992063492063492
Общественное питание,20261002,-20,ramp,cusum,1,504,1512,1.7594629203691499,0.0,0.003968253968253968,0.007936507936507936,0.061507936507936505,0.061507936507936505,4.0,0.21428571428571427,0.18253968253968253,0.20833333333333334,0.21164021164021163,0.02447089947089947
Общественное питание,20261002,20,step,spike,0,504,1512,1.1479654899837144,0.0,0.001984126984126984,0.003968253968253968,0.007936507936507936,0.007936507936507936,2.5,0.027777777777777776,0.027777777777777776,0.01917989417989418,0.016534391534391533,0.0
Общественное питание,20261002,20,step,rolling_3m,0,504,1512,0.9676368069361972,0.0,0.001984126984126984,0.005952380952380952,0.017857142857142856,0.017857142857142856,3.0,0.01984126984126984,0.025793650793650792,0.01521164021164021,0.013227513227513227,0.0
Общественное питание,20261002,20,step,ewma,0,504,1512,0.5911860262795833,0.001984126984126984,0.015873015873015872,0.023809523809523808,0.06944444444444445,0.06746031746031746,3.0,0.05952380952380952,0.09523809523809523,0.061507936507936505,0.06018518518518518,0.005291005291005291
Общественное питание,20261002,20,step,cusum,0,504,1512,1.7594629203691499,0.007936507936507936,0.03571428571428571,0.06944444444444445,0.26587301587301587,0.25793650793650796,3.0,0.21428571428571427,0.3353174603174603,0.20833333333333334,0.20105820105820105,0.025793650793650792
Общественное питание,20261002,20,pulse,spike,0,504,1512,1.1479654899837144,0.0,0.0,0.0,0.0,0.0,,0.027777777777777776,0.027777777777777776,0.01917989417989418,0.01917989417989418,0.0
Общественное питание,20261002,20,pulse,rolling_3m,0,504,1512,0.9676368069361972,0.0,0.001984126984126984,0.001984126984126984,0.001984126984126984,0.001984126984126984,1.0,0.01984126984126984,0.021825396825396824,0.01521164021164021,0.01521164021164021,0.0
Общественное питание,20261002,20,pulse,ewma,0,504,1512,0.5911860262795833,0.001984126984126984,0.007936507936507936,0.015873015873015872,0.021825396825396824,0.01984126984126984,2.0,0.05952380952380952,0.06547619047619048,0.061507936507936505,0.06018518518518518,0.0
Общественное питание,20261002,20,pulse,cusum,0,504,1512,1.7594629203691499,0.007936507936507936,0.011904761904761904,0.023809523809523808,0.07341269841269842,0.06547619047619048,4.0,0.21428571428571427,0.22023809523809523,0.20833333333333334,0.207010582010582,0.005291005291005291
Общественное питание,20261002,20,ramp,spike,1,504,1512,1.1479654899837144,0.0,0.001984126984126984,0.003968253968253968,0.005952380952380952,0.005952380952380952,2.0,0.027777777777777776,0.02976190476190476,0.01917989417989418,0.016534391534391533,0.0
Общественное питание,20261002,20,ramp,rolling_3m,1,504,1512,0.9676368069361972,0.0,0.0,0.001984126984126984,0.00992063492063492,0.00992063492063492,3.0,0.01984126984126984,0.021825396825396824,0.01521164021164021,0.01455026455026455,0.0
Общественное питание,20261002,20,ramp,ewma,1,504,1512,0.5911860262795833,0.001984126984126984,0.00992063492063492,0.015873015873015872,0.051587301587301584,0.0496031746031746,3.0,0.05952380952380952,0.08531746031746032,0.061507936507936505,0.06018518518518518,0.003968253968253968
Общественное питание,20261002,20,ramp,cusum,1,504,1512,1.7594629203691499,0.0,0.007936507936507936,0.023809523809523808,0.125,0.125,3.0,0.21428571428571427,0.25595238095238093,0.20833333333333334,0.20436507936507936,0.011904761904761904
Общественное питание,20261003,-20,step,spike,0,504,1512,1.1479654899837144,0.0,0.001984126984126984,0.001984126984126984,0.007936507936507936,0.007936507936507936,4.5,0.025793650793650792,0.01984126984126984,0.01984126984126984,0.0205026455026455,0.0026455026455026454
Общественное питание,20261003,-20,step,rolling_3m,0,504,1512,0.9676368069361972,0.0,0.001984126984126984,0.001984126984126984,0.001984126984126984,0.001984126984126984,1.0,0.017857142857142856,0.00992063492063492,0.015873015873015872,0.01917989417989418,0.004629629629629629
Общественное питание,20261003,-20,step,ewma,0,504,1512,0.5911860262795833,0.001984126984126984,0.003968253968253968,0.005952380952380952,0.01984126984126984,0.017857142857142856,3.5,0.05357142857142857,0.04365079365079365,0.06349206349206349,0.0701058201058201,0.02447089947089947
Общественное питание,20261003,-20,step,cusum,0,504,1512,1.7594629203691499,0.0,0.0,0.00992063492063492,0.1865079365079365,0.1865079365079365,4.0,0.1884920634920635,0.25793650793650796,0.21693121693121692,0.22420634920634921,0.07407407407407407
Общественное питание,20261003,-20,pulse,spike,0,504,1512,1.1479654899837144,0.0,0.0,0.0,0.0,0.0,,0.025793650793650792,0.025793650793650792,0.01984126984126984,0.01917989417989418,0.0
Общественное питание,20261003,-20,pulse,rolling_3m,0,504,1512,0.9676368069361972,0.0,0.0,0.0,0.0,0.0,,0.017857142857142856,0.017857142857142856,0.015873015873015872,0.015873015873015872,0.0
Общественное питание,20261003,-20,pulse,ewma,0,504,1512,0.5911860262795833,0.001984126984126984,0.001984126984126984,0.001984126984126984,0.001984126984126984,0.0,0.0,0.05357142857142857,0.051587301587301584,0.06349206349206349,0.06349206349206349,0.001984126984126984
Общественное питание,20261003,-20,pulse,cusum,0,504,1512,1.7594629203691499,0.0,0.0,0.003968253968253968,0.025793650793650792,0.025793650793650792,4.0,0.1884920634920635,0.17261904761904762,0.21693121693121692,0.21957671957671956,0.01984126984126984
Общественное питание,20261003,-20,ramp,spike,1,504,1512,1.1479654899837144,0.0,0.0,0.0,0.003968253968253968,0.003968253968253968,4.0,0.025793650793650792,0.01984126984126984,0.01984126984126984,0.0205026455026455,0.0013227513227513227
Общественное питание,20261003,-20,ramp,rolling_3m,1,504,1512,0.9676368069361972,0.0,0.0,0.0,0.0,0.0,,0.017857142857142856,0.013888888888888888,0.015873015873015872,0.017857142857142856,0.0033068783068783067
Общественное питание,20261003,-20,ramp,ewma,1,504,1512,0.5911860262795833,0.0,0.0,0.001984126984126984,0.013888888888888888,0.013888888888888888,3.0,0.05357142857142857,0.047619047619047616,0.06349206349206349,0.06812169312169312,0.011904761904761904
Общественное питание,20261003,-20,ramp,cusum,1,504,1512,1.7594629203691499,0.0,0.001984126984126984,0.007936507936507936,0.051587301587301584,0.051587301587301584,4.0,0.1884920634920635,0.16666666666666666,0.21693121693121692,0.21891534391534392,0.026455026455026454
Общественное питание,20261003,20,step,spike,0,504,1512,1.1479654899837144,0.0,0.0,0.005952380952380952,0.005952380952380952,0.005952380952380952,2.0,0.025793650793650792,0.025793650793650792,0.01984126984126984,0.017857142857142856,0.0006613756613756613
Общественное питание,20261003,20,step,rolling_3m,0,504,1512,0.9676368069361972,0.0,0.001984126984126984,0.007936507936507936,0.015873015873015872,0.015873015873015872,2.5,0.017857142857142856,0.021825396825396824,0.015873015873015872,0.013227513227513227,0.0
Общественное питание,20261003,20,step,ewma,0,504,1512,0.5911860262795833,0.005952380952380952,0.015873015873015872,0.027777777777777776,0.07738095238095238,0.07142857142857142,3.0,0.05357142857142857,0.09325396825396826,0.06349206349206349,0.061507936507936505,0.007936507936507936
Общественное питание,20261003,20,step,cusum,0,504,1512,1.7594629203691499,0.007936507936507936,0.023809523809523808,0.05555555555555555,0.25,0.24206349206349206,4.0,0.1884920634920635,0.30357142857142855,0.21693121693121692,0.20634920634920634,0.027777777777777776
Общественное питание,20261003,20,pulse,spike,0,504,1512,1.1479654899837144,0.0,0.0,0.0,0.0,0.0,,0.025793650793650792,0.025793650793650792,0.01984126984126984,0.01984126984126984,0.0
Общественное питание,20261003,20,pulse,rolling_3m,0,504,1512,0.9676368069361972,0.0,0.001984126984126984,0.001984126984126984,0.001984126984126984,0.001984126984126984,1.0,0.017857142857142856,0.01984126984126984,0.015873015873015872,0.015873015873015872,0.0
Общественное питание,20261003,20,pulse,ewma,0,504,1512,0.5911860262795833,0.005952380952380952,0.011904761904761904,0.011904761904761904,0.015873015873015872,0.00992063492063492,1.0,0.05357142857142857,0.057539682539682536,0.06349206349206349,0.06283068783068783,0.0006613756613756613
Общественное питание,20261003,20,pulse,cusum,0,504,1512,1.7594629203691499,0.007936507936507936,0.015873015873015872,0.02976190476190476,0.06746031746031746,0.05952380952380952,3.0,0.1884920634920635,0.19246031746031747,0.21693121693121692,0.2156084656084656,0.005291005291005291
Общественное питание,20261003,20,ramp,spike,1,504,1512,1.1479654899837144,0.0,0.001984126984126984,0.001984126984126984,0.001984126984126984,0.001984126984126984,1.0,0.025793650793650792,0.025793650793650792,0.01984126984126984,0.017857142857142856,0.0006613756613756613
Общественное питание,20261003,20,ramp,rolling_3m,1,504,1512,0.9676368069361972,0.0,0.0,0.003968253968253968,0.00992063492063492,0.00992063492063492,3.0,0.017857142857142856,0.017857142857142856,0.015873015873015872,0.013888888888888888,0.0
Общественное питание,20261003,20,ramp,ewma,1,504,1512,0.5911860262795833,0.0,0.0,0.007936507936507936,0.03571428571428571,0.03571428571428571,3.0,0.05357142857142857,0.07539682539682539,0.06349206349206349,0.06283068783068783,0.005291005291005291
Общественное питание,20261003,20,ramp,cusum,1,504,1512,1.7594629203691499,0.001984126984126984,0.013888888888888888,0.025793650793650792,0.10515873015873016,0.10317460317460317,3.0,0.1884920634920635,0.23015873015873015,0.21693121693121692,0.21031746031746032,0.013888888888888888
Общественное питание,20261004,-20,step,spike,0,504,1512,1.1479654899837144,0.0,0.0,0.0,0.001984126984126984,0.001984126984126984,5.0,0.015873015873015872,0.011904761904761904,0.023148148148148147,0.023809523809523808,0.001984126984126984
Общественное питание,20261004,-20,step,rolling_3m,0,504,1512,0.9676368069361972,0.0,0.0,0.001984126984126984,0.005952380952380952,0.005952380952380952,4.0,0.011904761904761904,0.007936507936507936,0.017857142857142856,0.01984126984126984,0.003968253968253968
Общественное питание,20261004,-20,step,ewma,0,504,1512,0.5911860262795833,0.003968253968253968,0.007936507936507936,0.00992063492063492,0.027777777777777776,0.023809523809523808,4.0,0.05952380952380952,0.04563492063492063,0.061507936507936505,0.06746031746031746,0.017857142857142856
Общественное питание,20261004,-20,step,cusum,0,504,1512,1.7594629203691499,0.0,0.00992063492063492,0.025793650793650792,0.1984126984126984,0.1984126984126984,4.0,0.20634920634920634,0.2757936507936508,0.210978835978836,0.21825396825396826,0.07804232804232804
Общественное питание,20261004,-20,pulse,spike,0,504,1512,1.1479654899837144,0.0,0.0,0.0,0.0,0.0,,0.015873015873015872,0.015873015873015872,0.023148148148148147,0.022486772486772486,0.0
Общественное питание,20261004,-20,pulse,rolling_3m,0,504,1512,0.9676368069361972,0.0,0.0,0.0,0.0,0.0,,0.011904761904761904,0.011904761904761904,0.017857142857142856,0.017857142857142856,0.0
Общественное питание,20261004,-20,pulse,ewma,0,504,1512,0.5911860262795833,0.003968253968253968,0.003968253968253968,0.003968253968253968,0.003968253968253968,0.0,0.0,0.05952380952380952,0.05357142857142857,0.061507936507936505,0.061507936507936505,0.0006613756613756613
Общественное питание,20261004,-20,pulse,cusum,0,504,1512,1.7594629203691499,0.0,0.001984126984126984,0.007936507936507936,0.027777777777777776,0.027777777777777776,3.5,0.20634920634920634,0.20436507936507936,0.210978835978836,0.21494708994708994,0.02447089947089947
Общественное питание,20261004,-20,ramp,spike,1,504,1512,1.1479654899837144,0.0,0.0,0.0,0.001984126984126984,0.001984126984126984,4.0,0.015873015873015872,0.013888888888888888,0.023148148148148147,0.023809523809523808,0.0013227513227513227
Общественное питание,20261004,-20,ramp,rolling_3m,1,504,1512,0.9676368069361972,0.0,0.0,0.0,0.003968253968253968,0.003968253968253968,3.5,0.011904761904761904,0.007936507936507936,0.017857142857142856,0.018518518518518517,0.0026455026455026454
Общественное питание,20261004,-20,ramp,ewma,1,504,1512,0.5911860262795833,0.0,0.003968253968253968,0.005952380952380952,0.015873015873015872,0.015873015873015872,3.5,0.05952380952380952,0.051587301587301584,0.061507936507936505,0.06481481481481481,0.008597883597883597
Общественное питание,20261004,-20,ramp,cusum,1,504,1512,1.7594629203691499,0.001984126984126984,0.005952380952380952,0.011904761904761904,0.05952380952380952,0.057539682539682536,4.0,0.20634920634920634,0.20238095238095238,0.210978835978836,0.21296296296296297,0.0291005291005291
Общественное питание,20261004,20,step,spike,0,504,1512,1.1479654899837144,0.001984126984126984,0.001984126984126984,0.001984126984126984,0.013888888888888888,0.011904761904761904,4.0,0.015873015873015872,0.025793650793650792,0.023148148148148147,0.021164021164021163,0.0013227513227513227
Общественное питание,20261004,20,step,rolling_3m,0,504,1512,0.9676368069361972,0.001984126984126984,0.003968253968253968,0.003968253968253968,0.015873015873015872,0.013888888888888888,3.5,0.011904761904761904,0.01984126984126984,0.017857142857142856,0.015873015873015872,0.0
Общественное питание,20261004,20,step,ewma,0,504,1512,0.5911860262795833,0.005952380952380952,0.013888888888888888,0.02976190476190476,0.09722222222222222,0.09126984126984126,3.0,0.05952380952380952,0.11507936507936507,0.061507936507936505,0.06084656084656084,0.007275132275132275
Общественное питание,20261004,20,step,cusum,0,504,1512,1.7594629203691499,0.005952380952380952,0.021825396825396824,0.057539682539682536,0.2222222222222222,0.21626984126984128,3.0,0.20634920634920634,0.2976190476190476,0.210978835978836,0.19444444444444445,0.027116402116402115
Общественное питание,20261004,20,pulse,spike,0,504,1512,1.1479654899837144,0.001984126984126984,0.001984126984126984,0.001984126984126984,0.001984126984126984,0.0,0.0,0.015873015873015872,0.017857142857142856,0.023148148148148147,0.023148148148148147,0.0
Общественное питание,20261004,20,pulse,rolling_3m,0,504,1512,0.9676368069361972,0.001984126984126984,0.003968253968253968,0.003968253968253968,0.003968253968253968,0.001984126984126984,0.5,0.011904761904761904,0.013888888888888888,0.017857142857142856,0.017857142857142856,0.0
Общественное питание,20261004,20,pulse,ewma,0,504,1512,0.5911860262795833,0.005952380952380952,0.007936507936507936,0.015873015873015872,0.01984126984126984,0.013888888888888888,2.0,0.05952380952380952,0.061507936507936505,0.061507936507936505,0.062169312169312166,0.0006613756613756613
Общественное питание,20261004,20,pulse,cusum,0,504,1512,1.7594629203691499,0.005952380952380952,0.007936507936507936,0.021825396825396824,0.051587301587301584,0.04563492063492063,3.0,0.20634920634920634,0.21031746031746032,0.210978835978836,0.20767195767195767,0.005291005291005291
Общественное питание,20261004,20,ramp,spike,1,504,1512,1.1479654899837144,0.0,0.0,0.003968253968253968,0.00992063492063492,0.00992063492063492,3.0,0.015873015873015872,0.021825396825396824,0.023148148148148147,0.021164021164021163,0.0013227513227513227
Общественное питание,20261004,20,ramp,rolling_3m,1,504,1512,0.9676368069361972,0.0,0.0,0.0,0.007936507936507936,0.007936507936507936,3.5,0.011904761904761904,0.015873015873015872,0.017857142857142856,0.016534391534391533,0.0
Общественное питание,20261004,20,ramp,ewma,1,504,1512,0.5911860262795833,0.0,0.00992063492063492,0.017857142857142856,0.05555555555555555,0.05555555555555555,3.0,0.05952380952380952,0.09126984126984126,0.061507936507936505,0.061507936507936505,0.005291005291005291
Общественное питание,20261004,20,ramp,cusum,1,504,1512,1.7594629203691499,0.0,0.00992063492063492,0.015873015873015872,0.07539682539682539,0.07539682539682539,3.0,0.20634920634920634,0.23015873015873015,0.210978835978836,0.20238095238095238,0.015873015873015872
Общественное питание,20261005,-20,step,spike,0,504,1512,1.1479654899837144,0.0,0.0,0.0,0.0,0.0,,0.021825396825396824,0.013888888888888888,0.021164021164021163,0.022486772486772486,0.0026455026455026454
Общественное питание,20261005,-20,step,rolling_3m,0,504,1512,0.9676368069361972,0.0,0.0,0.001984126984126984,0.005952380952380952,0.005952380952380952,4.0,0.015873015873015872,0.011904761904761904,0.016534391534391533,0.017857142857142856,0.0033068783068783067
Общественное питание,20261005,-20,step,ewma,0,504,1512,0.5911860262795833,0.003968253968253968,0.005952380952380952,0.00992063492063492,0.01984126984126984,0.015873015873015872,2.5,0.05952380952380952,0.04365079365079365,0.061507936507936505,0.06812169312169312,0.0205026455026455
Общественное питание,20261005,-20,step,cusum,0,504,1512,1.7594629203691499,0.0,0.005952380952380952,0.013888888888888888,0.18253968253968253,0.18253968253968253,4.0,0.21428571428571427,0.2638888888888889,0.20833333333333334,0.2123015873015873,0.06613756613756613
Общественное питание,20261005,-20,pulse,spike,0,504,1512,1.1479654899837144,0.0,0.0,0.0,0.0,0.0,,0.021825396825396824,0.021825396825396824,0.021164021164021163,0.021164021164021163,0.0
Общественное питание,20261005,-20,pulse,rolling_3m,0,504,1512,0.9676368069361972,0.0,0.0,0.0,0.0,0.0,,0.015873015873015872,0.015873015873015872,0.016534391534391533,0.016534391534391533,0.0
Общественное питание,20261005,-20,pulse,ewma,0,504,1512,0.5911860262795833,0.003968253968253968,0.003968253968253968,0.003968253968253968,0.003968253968253968,0.0,0.0,0.05952380952380952,0.057539682539682536,0.061507936507936505,0.061507936507936505,0.0013227513227513227
Общественное питание,20261005,-20,pulse,cusum,0,504,1512,1.7594629203691499,0.0,0.001984126984126984,0.003968253968253968,0.027777777777777776,0.027777777777777776,4.0,0.21428571428571427,0.20833333333333334,0.20833333333333334,0.20899470899470898,0.018518518518518517
Общественное питание,20261005,-20,ramp,spike,1,504,1512,1.1479654899837144,0.0,0.0,0.0,0.0,0.0,,0.021825396825396824,0.013888888888888888,0.021164021164021163,0.021825396825396824,0.0013227513227513227
Общественное питание,20261005,-20,ramp,rolling_3m,1,504,1512,0.9676368069361972,0.0,0.0,0.0,0.003968253968253968,0.003968253968253968,3.5,0.015873015873015872,0.011904761904761904,0.016534391534391533,0.016534391534391533,0.001984126984126984
Общественное питание,20261005,-20,ramp,ewma,1,504,1512,0.5911860262795833,0.001984126984126984,0.003968253968253968,0.005952380952380952,0.007936507936507936,0.005952380952380952,1.5,0.05952380952380952,0.041666666666666664,0.061507936507936505,0.0667989417989418,0.012566137566137565
Общественное питание,20261005,-20,ramp,cusum,1,504,1512,1.7594629203691499,0.001984126984126984,0.003968253968253968,0.007936507936507936,0.05357142857142857,0.051587301587301584,4.0,0.21428571428571427,0.20833333333333334,0.20833333333333334,0.20833333333333334,0.022486772486772486
Общественное питание,20261005,20,step,spike,0,504,1512,1.1479654899837144,0.003968253968253968,0.003968253968253968,0.005952380952380952,0.00992063492063492,0.005952380952380952,2.0,0.021825396825396824,0.027777777777777776,0.021164021164021163,0.01984126984126984,0.001984126984126984
Общественное питание,20261005,20,step,rolling_3m,0,504,1512,0.9676368069361972,0.0,0.0,0.0,0.013888888888888888,0.013888888888888888,4.0,0.015873015873015872,0.023809523809523808,0.016534391534391533,0.013888888888888888,0.0
Общественное питание,20261005,20,step,ewma,0,504,1512,0.5911860262795833,0.00992063492063492,0.015873015873015872,0.03968253968253968,0.09722222222222222,0.0873015873015873,3.0,0.05952380952380952,0.1130952380952381,0.061507936507936505,0.061507936507936505,0.007275132275132275
Общественное питание,20261005,20,step,cusum,0,504,1512,1.7594629203691499,0.00992063492063492,0.037698412698412696,0.09523809523809523,0.27380952380952384,0.2638888888888889,3.0,0.21428571428571427,0.33134920634920634,0.20833333333333334,0.19246031746031747,0.026455026455026454
Общественное питание,20261005,20,pulse,spike,0,504,1512,1.1479654899837144,0.003968253968253968,0.003968253968253968,0.003968253968253968,0.003968253968253968,0.0,0.0,0.021825396825396824,0.023809523809523808,0.021164021164021163,0.021164021164021163,0.0
Общественное питание,20261005,20,pulse,rolling_3m,0,504,1512,0.9676368069361972,0.0,0.0,0.0,0.0,0.0,,0.015873015873015872,0.015873015873015872,0.016534391534391533,0.016534391534391533,0.0
Общественное питание,20261005,20,pulse,ewma,0,504,1512,0.5911860262795833,0.00992063492063492,0.015873015873015872,0.01984126984126984,0.01984126984126984,0.00992063492063492,0.5,0.05952380952380952,0.06547619047619048,0.061507936507936505,0.06084656084656084,0.0006613756613756613
Общественное питание,20261005,20,pulse,cusum,0,504,1512,1.7594629203691499,0.00992063492063492,0.017857142857142856,0.041666666666666664,0.09523809523809523,0.08531746031746032,3.0,0.21428571428571427,0.23214285714285715,0.20833333333333334,0.20436507936507936,0.005952380952380952
Общественное питание,20261005,20,ramp,spike,1,504,1512,1.1479654899837144,0.0,0.0,0.0,0.003968253968253968,0.003968253968253968,3.0,0.021825396825396824,0.025793650793650792,0.021164021164021163,0.0205026455026455,0.001984126984126984
Общественное питание,20261005,20,ramp,rolling_3m,1,504,1512,0.9676368069361972,0.0,0.0,0.0,0.011904761904761904,0.011904761904761904,3.0,0.015873015873015872,0.023809523809523808,0.016534391534391533,0.01455026455026455,0.0
Общественное питание,20261005,20,ramp,ewma,1,504,1512,0.5911860262795833,0.001984126984126984,0.007936507936507936,0.015873015873015872,0.04563492063492063,0.04365079365079365,3.0,0.05952380952380952,0.08134920634920635,0.061507936507936505,0.062169312169312166,0.005291005291005291
Общественное питание,20261005,20,ramp,cusum,1,504,1512,1.7594629203691499,0.001984126984126984,0.017857142857142856,0.03373015873015873,0.12301587301587301,0.12103174603174603,3.0,0.21428571428571427,0.2638888888888889,0.20833333333333334,0.1970899470899471,0.01455026455026455
Общественное питание,20261006,-20,step,spike,0,504,1512,1.1479654899837144,0.0,0.0,0.001984126984126984,0.003968253968253968,0.003968253968253968,3.0,0.017857142857142856,0.00992063492063492,0.022486772486772486,0.023148148148148147,0.0026455026455026454
Общественное питание,20261006,-20,step,rolling_3m,0,504,1512,0.9676368069361972,0.0,0.0,0.0,0.003968253968253968,0.003968253968253968,4.0,0.00992063492063492,0.007936507936507936,0.018518518518518517,0.021164021164021163,0.004629629629629629
Общественное питание,20261006,-20,step,ewma,0,504,1512,0.5911860262795833,0.003968253968253968,0.003968253968253968,0.003968253968253968,0.027777777777777776,0.023809523809523808,4.0,0.05555555555555555,0.047619047619047616,0.06283068783068783,0.0701058201058201,0.023809523809523808
Общественное питание,20261006,-20,step,cusum,0,504,1512,1.7594629203691499,0.0,0.001984126984126984,0.017857142857142856,0.18055555555555555,0.18055555555555555,4.0,0.20833333333333334,0.2619047619047619,0.21031746031746032,0.22288359788359788,0.07473544973544974
Общественное питание,20261006,-20,pulse,spike,0,504,1512,1.1479654899837144,0.0,0.0,0.0,0.0,0.0,,0.017857142857142856,0.017857142857142856,0.022486772486772486,0.021825396825396824,0.0
Общественное питание,20261006,-20,pulse,rolling_3m,0,504,1512,0.9676368069361972,0.0,0.0,0.0,0.0,0.0,,0.00992063492063492,0.00992063492063492,0.018518518518518517,0.018518518518518517,0.0
Общественное питание,20261006,-20,pulse,ewma,0,504,1512,0.5911860262795833,0.003968253968253968,0.003968253968253968,0.003968253968253968,0.003968253968253968,0.0,0.0,0.05555555555555555,0.05555555555555555,0.06283068783068783,0.062169312169312166,0.0013227513227513227
Общественное питание,20261006,-20,pulse,cusum,0,504,1512,1.7594629203691499,0.0,0.0,0.005952380952380952,0.03373015873015873,0.03373015873015873,4.0,0.20833333333333334,0.19047619047619047,0.21031746031746032,0.21428571428571427,0.021164021164021163
Общественное питание,20261006,-20,ramp,spike,1,504,1512,1.1479654899837144,0.0,0.0,0.0,0.0,0.0,,0.017857142857142856,0.00992063492063492,0.022486772486772486,0.023148148148148147,0.0013227513227513227
Общественное питание,20261006,-20,ramp,rolling_3m,1,504,1512,0.9676368069361972,0.0,0.0,0.0,0.001984126984126984,0.001984126984126984,4.0,0.00992063492063492,0.00992063492063492,0.018518518518518517,0.01984126984126984,0.0033068783068783067
Общественное питание,20261006,-20,ramp,ewma,1,504,1512,0.5911860262795833,0.0,0.001984126984126984,0.003968253968253968,0.017857142857142856,0.017857142857142856,4.0,0.05555555555555555,0.047619047619047616,0.06283068783068783,0.0667989417989418,0.011243386243386243
Общественное питание,20261006,-20,ramp,cusum,1,504,1512,1.7594629203691499,0.0,0.003968253968253968,0.00992063492063492,0.05357142857142857,0.05357142857142857,3.0,0.20833333333333334,0.18452380952380953,0.21031746031746032,0.2156084656084656,0.027777777777777776
Общественное питание,20261006,20,step,spike,0,504,1512,1.1479654899837144,0.003968253968253968,0.003968253968253968,0.005952380952380952,0.011904761904761904,0.007936507936507936,2.5,0.017857142857142856,0.023809523809523808,0.022486772486772486,0.022486772486772486,0.001984126984126984
Общественное питание,20261006,20,step,rolling_3m,0,504,1512,0.9676368069361972,0.0,0.0,0.0,0.011904761904761904,0.011904761904761904,4.0,0.00992063492063492,0.017857142857142856,0.018518518518518517,0.015873015873015872,0.0
Общественное питание,20261006,20,step,ewma,0,504,1512,0.5911860262795833,0.005952380952380952,0.015873015873015872,0.025793650793650792,0.08134920634920635,0.07539682539682539,3.0,0.05555555555555555,0.09523809523809523,0.06283068783068783,0.062169312169312166,0.007275132275132275
Общественное питание,20261006,20,step,cusum,0,504,1512,1.7594629203691499,0.005952380952380952,0.02976190476190476,0.07738095238095238,0.23015873015873015,0.22420634920634921,3.0,0.20833333333333334,0.2837301587301587,0.21031746031746032,0.19907407407407407,0.02447089947089947
Общественное питание,20261006,20,pulse,spike,0,504,1512,1.1479654899837144,0.003968253968253968,0.003968253968253968,0.003968253968253968,0.003968253968253968,0.0,0.0,0.017857142857142856,0.021825396825396824,0.022486772486772486,0.022486772486772486,0.0
Общественное питание,20261006,20,pulse,rolling_3m,0,504,1512,0.9676368069361972,0.0,0.0,0.0,0.0,0.0,,0.00992063492063492,0.00992063492063492,0.018518518518518517,0.018518518518518517,0.0
Общественное питание,20261006,20,pulse,ewma,0,504,1512,0.5911860262795833,0.005952380952380952,0.007936507936507936,0.007936507936507936,0.00992063492063492,0.003968253968253968,0.0,0.05555555555555555,0.05952380952380952,0.06283068783068783,0.062169312169312166,0.0006613756613756613
Общественное питание,20261006,20,pulse,cusum,0,504,1512,1.7594629203691499,0.005952380952380952,0.015873015873015872,0.03373015873015873,0.06944444444444445,0.06349206349206349,3.0,0.20833333333333334,0.2003968253968254,0.21031746031746032,0.207010582010582,0.006613756613756613
Общественное питание,20261006,20,ramp,spike,1,504,1512,1.1479654899837144,0.0,0.0,0.001984126984126984,0.007936507936507936,0.007936507936507936,3.5,0.017857142857142856,0.021825396825396824,0.022486772486772486,0.022486772486772486,0.001984126984126984
Общественное питание,20261006,20,ramp,rolling_3m,1,504,1512,0.9676368069361972,0.0,0.0,0.0,0.007936507936507936,0.007936507936507936,3.5,0.00992063492063492,0.015873015873015872,0.018518518518518517,0.016534391534391533,0.0
Общественное питание,20261006,20,ramp,ewma,1,504,1512,0.5911860262795833,0.0,0.0,0.003968253968253968,0.04563492063492063,0.04563492063492063,3.0,0.05555555555555555,0.08134920634920635,0.06283068783068783,0.06283068783068783,0.004629629629629629
Общественное питание,20261006,20,ramp,cusum,1,504,1512,1.7594629203691499,0.001984126984126984,0.011904761904761904,0.03373015873015873,0.10714285714285714,0.10515873015873016,3.0,0.20833333333333334,0.2361111111111111,0.21031746031746032,0.20304232804232805,0.013227513227513227
Общественное питание,20261007,-20,step,spike,0,504,1512,1.1479654899837144,0.0,0.0,0.0,0.003968253968253968,0.003968253968253968,5.0,0.01984126984126984,0.017857142857142856,0.021825396825396824,0.022486772486772486,0.001984126984126984
Общественное питание,20261007,-20,step,rolling_3m,0,504,1512,0.9676368069361972,0.0,0.0,0.0,0.0,0.0,,0.015873015873015872,0.005952380952380952,0.016534391534391533,0.017195767195767195,0.0026455026455026454
Общественное питание,20261007,-20,step,ewma,0,504,1512,0.5911860262795833,0.0,0.0,0.003968253968253968,0.01984126984126984,0.01984126984126984,4.0,0.061507936507936505,0.0496031746031746,0.06084656084656084,0.06613756613756613,0.016534391534391533
Общественное питание,20261007,-20,step,cusum,0,504,1512,1.7594629203691499,0.0,0.003968253968253968,0.00992063492063492,0.1984126984126984,0.1984126984126984,4.0,0.20634920634920634,0.2876984126984127,0.210978835978836,0.2208994708994709,0.07473544973544974
Общественное питание,20261007,-20,pulse,spike,0,504,1512,1.1479654899837144,0.0,0.0,0.0,0.0,0.0,,0.01984126984126984,0.01984126984126984,0.021825396825396824,0.021164021164021163,0.0
Общественное питание,20261007,-20,pulse,rolling_3m,0,504,1512,0.9676368069361972,0.0,0.0,0.0,0.0,0.0,,0.015873015873015872,0.015873015873015872,0.016534391534391533,0.016534391534391533,0.0
Общественное питание,20261007,-20,pulse,ewma,0,504,1512,0.5911860262795833,0.0,0.0,0.0,0.0,0.0,,0.061507936507936505,0.05952380952380952,0.06084656084656084,0.06084656084656084,0.0006613756613756613
Общественное питание,20261007,-20,pulse,cusum,0,504,1512,1.7594629203691499,0.0,0.0,0.001984126984126984,0.021825396825396824,0.021825396825396824,4.0,0.20634920634920634,0.20238095238095238,0.210978835978836,0.21362433862433863,0.018518518518518517
Общественное питание,20261007,-20,ramp,spike,1,504,1512,1.1479654899837144,0.0,0.0,0.0,0.003968253968253968,0.003968253968253968,4.0,0.01984126984126984,0.017857142857142856,0.021825396825396824,0.022486772486772486,0.0013227513227513227
Общественное питание,20261007,-20,ramp,rolling_3m,1,504,1512,0.9676368069361972,0.0,0.0,0.0,0.0,0.0,,0.015873015873015872,0.007936507936507936,0.016534391534391533,0.015873015873015872,0.0013227513227513227
Общественное питание,20261007,-20,ramp,ewma,1,504,1512,0.5911860262795833,0.0,0.0,0.001984126984126984,0.007936507936507936,0.007936507936507936,3.0,0.061507936507936505,0.047619047619047616,0.06084656084656084,0.06415343915343916,0.009259259259259259
Общественное питание,20261007,-20,ramp,cusum,1,504,1512,1.7594629203691499,0.0,0.001984126984126984,0.007936507936507936,0.06547619047619048,0.06547619047619048,4.0,0.20634920634920634,0.20436507936507936,0.210978835978836,0.21494708994708994,0.028439153439153438
Общественное питание,20261007,20,step,spike,0,504,1512,1.1479654899837144,0.001984126984126984,0.003968253968253968,0.00992063492063492,0.013888888888888888,0.011904761904761904,2.0,0.01984126984126984,0.027777777777777776,0.021825396825396824,0.0205026455026455,0.0013227513227513227
Общественное питание,20261007,20,step,rolling_3m,0,504,1512,0.9676368069361972,0.0,0.003968253968253968,0.005952380952380952,0.021825396825396824,0.021825396825396824,4.0,0.015873015873015872,0.02976190476190476,0.016534391534391533,0.013888888888888888,0.0
Общественное питание,20261007,20,step,ewma,0,504,1512,0.5911860262795833,0.005952380952380952,0.013888888888888888,0.03373015873015873,0.09126984126984126,0.08531746031746032,3.0,0.061507936507936505,0.10912698412698413,0.06084656084656084,0.0582010582010582,0.007936507936507936
Общественное питание,20261007,20,step,cusum,0,504,1512,1.7594629203691499,0.005952380952380952,0.03373015873015873,0.09126984126984126,0.2361111111111111,0.23015873015873015,3.0,0.20634920634920634,0.29563492063492064,0.210978835978836,0.19642857142857142,0.027777777777777776
Общественное питание,20261007,20,pulse,spike,0,504,1512,1.1479654899837144,0.001984126984126984,0.001984126984126984,0.001984126984126984,0.001984126984126984,0.0,0.0,0.01984126984126984,0.021825396825396824,0.021825396825396824,0.021825396825396824,0.0
Общественное питание,20261007,20,pulse,rolling_3m,0,504,1512,0.9676368069361972,0.0,0.001984126984126984,0.001984126984126984,0.001984126984126984,0.001984126984126984,1.0,0.015873015873015872,0.017857142857142856,0.016534391534391533,0.016534391534391533,0.0
Общественное питание,20261007,20,pulse,ewma,0,504,1512,0.5911860262795833,0.005952380952380952,0.011904761904761904,0.017857142857142856,0.023809523809523808,0.017857142857142856,1.5,0.061507936507936505,0.06746031746031746,0.06084656084656084,0.05952380952380952,0.0006613756613756613
Общественное питание,20261007,20,pulse,cusum,0,504,1512,1.7594629203691499,0.005952380952380952,0.01984126984126984,0.037698412698412696,0.06547619047619048,0.05952380952380952,2.0,0.20634920634920634,0.20436507936507936,0.210978835978836,0.20634920634920634,0.005291005291005291
Общественное питание,20261007,20,ramp,spike,1,504,1512,1.1479654899837144,0.0,0.0,0.0,0.007936507936507936,0.007936507936507936,3.0,0.01984126984126984,0.025793650793650792,0.021825396825396824,0.0205026455026455,0.0013227513227513227
Общественное питание,20261007,20,ramp,rolling_3m,1,504,1512,0.9676368069361972,0.0,0.0,0.003968253968253968,0.013888888888888888,0.013888888888888888,3.0,0.015873015873015872,0.025793650793650792,0.016534391534391533,0.013888888888888888,0.0
Общественное питание,20261007,20,ramp,ewma,1,504,1512,0.5911860262795833,0.0,0.007936507936507936,0.01984126984126984,0.057539682539682536,0.057539682539682536,3.0,0.061507936507936505,0.09126984126984126,0.06084656084656084,0.05952380952380952,0.005291005291005291
Общественное питание,20261007,20,ramp,cusum,1,504,1512,1.7594629203691499,0.001984126984126984,0.011904761904761904,0.027777777777777776,0.10912698412698413,0.10714285714285714,3.0,0.20634920634920634,0.24603174603174602,0.210978835978836,0.2003968253968254,0.012566137566137565
Общественное питание,20261008,-20,step,spike,0,504,1512,1.1479654899837144,0.001984126984126984,0.003968253968253968,0.003968253968253968,0.015873015873015872,0.013888888888888888,5.0,0.025793650793650792,0.031746031746031744,0.01984126984126984,0.0205026455026455,0.0013227513227513227
Общественное питание,20261008,-20,step,rolling_3m,0,504,1512,0.9676368069361972,0.0,0.0,0.003968253968253968,0.007936507936507936,0.007936507936507936,3.0,0.021825396825396824,0.015873015873015872,0.01455026455026455,0.016534391534391533,0.004629629629629629
Общественное питание,20261008,-20,step,ewma,0,504,1512,0.5911860262795833,0.003968253968253968,0.011904761904761904,0.011904761904761904,0.03571428571428571,0.031746031746031744,4.0,0.06746031746031746,0.06349206349206349,0.05886243386243386,0.06613756613756613,0.021825396825396824
Общественное питание,20261008,-20,step,cusum,0,504,1512,1.7594629203691499,0.0,0.005952380952380952,0.015873015873015872,0.21031746031746032,0.21031746031746032,4.0,0.22023809523809523,0.2976190476190476,0.20634920634920634,0.21693121693121692,0.07142857142857142
Общественное питание,20261008,-20,pulse,spike,0,504,1512,1.1479654899837144,0.001984126984126984,0.001984126984126984,0.001984126984126984,0.001984126984126984,0.0,0.0,0.025793650793650792,0.027777777777777776,0.01984126984126984,0.01917989417989418,0.0
Общественное питание,20261008,-20,pulse,rolling_3m,0,504,1512,0.9676368069361972,0.0,0.0,0.0,0.0,0.0,,0.021825396825396824,0.021825396825396824,0.01455026455026455,0.01455026455026455,0.0
Общественное питание,20261008,-20,pulse,ewma,0,504,1512,0.5911860262795833,0.003968253968253968,0.003968253968253968,0.003968253968253968,0.003968253968253968,0.0,0.0,0.06746031746031746,0.06547619047619048,0.05886243386243386,0.0582010582010582,0.0013227513227513227
Общественное питание,20261008,-20,pulse,cusum,0,504,1512,1.7594629203691499,0.0,0.001984126984126984,0.007936507936507936,0.017857142857142856,0.017857142857142856,3.0,0.22023809523809523,0.2003968253968254,0.20634920634920634,0.21031746031746032,0.021164021164021163
Общественное питание,20261008,-20,ramp,spike,1,504,1512,1.1479654899837144,0.0,0.001984126984126984,0.001984126984126984,0.011904761904761904,0.011904761904761904,4.0,0.025793650793650792,0.02976190476190476,0.01984126984126984,0.0205026455026455,0.0006613756613756613
Общественное питание,20261008,-20,ramp,rolling_3m,1,504,1512,0.9676368069361972,0.0,0.0,0.0,0.003968253968253968,0.003968253968253968,3.5,0.021825396825396824,0.013888888888888888,0.01455026455026455,0.01455026455026455,0.0026455026455026454
Общественное питание,20261008,-20,ramp,ewma,1,504,1512,0.5911860262795833,0.0,0.001984126984126984,0.005952380952380952,0.01984126984126984,0.01984126984126984,3.0,0.06746031746031746,0.057539682539682536,0.05886243386243386,0.06349206349206349,0.010582010582010581
Общественное питание,20261008,-20,ramp,cusum,1,504,1512,1.7594629203691499,0.001984126984126984,0.007936507936507936,0.00992063492063492,0.06547619047619048,0.06349206349206349,4.0,0.22023809523809523,0.2123015873015873,0.20634920634920634,0.21031746031746032,0.027777777777777776
Общественное питание,20261008,20,step,spike,0,504,1512,1.1479654899837144,0.001984126984126984,0.005952380952380952,0.005952380952380952,0.007936507936507936,0.005952380952380952,1.0,0.025793650793650792,0.027777777777777776,0.01984126984126984,0.018518518518518517,0.0006613756613756613
Общественное питание,20261008,20,step,rolling_3m,0,504,1512,0.9676368069361972,0.001984126984126984,0.003968253968253968,0.007936507936507936,0.015873015873015872,0.013888888888888888,2.5,0.021825396825396824,0.027777777777777776,0.01455026455026455,0.012566137566137565,0.0
Общественное питание,20261008,20,step,ewma,0,504,1512,0.5911860262795833,0.005952380952380952,0.013888888888888888,0.03373015873015873,0.08134920634920635,0.07539682539682539,3.0,0.06746031746031746,0.0992063492063492,0.05886243386243386,0.057539682539682536,0.005291005291005291
Общественное питание,20261008,20,step,cusum,0,504,1512,1.7594629203691499,0.007936507936507936,0.03571428571428571,0.07539682539682539,0.24801587301587302,0.2400793650793651,3.0,0.22023809523809523,0.3115079365079365,0.20634920634920634,0.1970899470899471,0.027777777777777776
Общественное питание,20261008,20,pulse,spike,0,504,1512,1.1479654899837144,0.001984126984126984,0.001984126984126984,0.001984126984126984,0.001984126984126984,0.0,0.0,0.025793650793650792,0.027777777777777776,0.01984126984126984,0.01984126984126984,0.0
Общественное питание,20261008,20,pulse,rolling_3m,0,504,1512,0.9676368069361972,0.001984126984126984,0.001984126984126984,0.005952380952380952,0.005952380952380952,0.003968253968253968,2.0,0.021825396825396824,0.023809523809523808,0.01455026455026455,0.01455026455026455,0.0
Общественное питание,20261008,20,pulse,ewma,0,504,1512,0.5911860262795833,0.005952380952380952,0.007936507936507936,0.007936507936507936,0.013888888888888888,0.007936507936507936,1.0,0.06746031746031746,0.07142857142857142,0.05886243386243386,0.0582010582010582,0.0
Общественное питание,20261008,20,pulse,cusum,0,504,1512,1.7594629203691499,0.007936507936507936,0.027777777777777776,0.0496031746031746,0.08531746031746032,0.07738095238095238,2.0,0.22023809523809523,0.21626984126984128,0.20634920634920634,0.20436507936507936,0.0033068783068783067
Общественное питание,20261008,20,ramp,spike,1,504,1512,1.1479654899837144,0.0,0.0,0.001984126984126984,0.005952380952380952,0.005952380952380952,3.0,0.025793650793650792,0.027777777777777776,0.01984126984126984,0.018518518518518517,0.0006613756613756613
Общественное питание,20261008,20,ramp,rolling_3m,1,504,1512,0.9676368069361972,0.0,0.001984126984126984,0.001984126984126984,0.007936507936507936,0.007936507936507936,3.5,0.021825396825396824,0.027777777777777776,0.01455026455026455,0.013227513227513227,0.0
Общественное питание,20261008,20,ramp,ewma,1,504,1512,0.5911860262795833,0.0,0.003968253968253968,0.017857142857142856,0.05555555555555555,0.05555555555555555,3.0,0.06746031746031746,0.0873015873015873,0.05886243386243386,0.05886243386243386,0.0033068783068783067
Общественное питание,20261008,20,ramp,cusum,1,504,1512,1.7594629203691499,0.005952380952380952,0.013888888888888888,0.023809523809523808,0.09126984126984126,0.08531746031746032,3.0,0.22023809523809523,0.23809523809523808,0.20634920634920634,0.20238095238095238,0.013227513227513227
Общественное питание,20261009,-20,step,spike,0,504,1512,1.1479654899837144,0.0,0.001984126984126984,0.003968253968253968,0.003968253968253968,0.003968253968253968,1.5,0.013888888888888888,0.011904761904761904,0.023809523809523808,0.023809523809523808,0.0013227513227513227
Общественное питание,20261009,-20,step,rolling_3m,0,504,1512,0.9676368069361972,0.0,0.001984126984126984,0.003968253968253968,0.003968253968253968,0.003968253968253968,1.5,0.015873015873015872,0.00992063492063492,0.016534391534391533,0.01984126984126984,0.004629629629629629
Общественное питание,20261009,-20,step,ewma,0,504,1512,0.5911860262795833,0.0,0.005952380952380952,0.011904761904761904,0.02976190476190476,0.02976190476190476,3.0,0.061507936507936505,0.047619047619047616,0.06084656084656084,0.06746031746031746,0.01917989417989418
Общественное питание,20261009,-20,step,cusum,0,504,1512,1.7594629203691499,0.0,0.007936507936507936,0.013888888888888888,0.22023809523809523,0.22023809523809523,4.0,0.23214285714285715,0.30753968253968256,0.20238095238095238,0.207010582010582,0.061507936507936505
Общественное питание,20261009,-20,pulse,spike,0,504,1512,1.1479654899837144,0.0,0.0,0.0,0.0,0.0,,0.013888888888888888,0.013888888888888888,0.023809523809523808,0.023148148148148147,0.0
Общественное питание,20261009,-20,pulse,rolling_3m,0,504,1512,0.9676368069361972,0.0,0.0,0.0,0.0,0.0,,0.015873015873015872,0.015873015873015872,0.016534391534391533,0.016534391534391533,0.0
Общественное питание,20261009,-20,pulse,ewma,0,504,1512,0.5911860262795833,0.0,0.001984126984126984,0.001984126984126984,0.005952380952380952,0.005952380952380952,3.0,0.061507936507936505,0.06547619047619048,0.06084656084656084,0.06084656084656084,0.001984126984126984
Общественное питание,20261009,-20,pulse,cusum,0,504,1512,1.7594629203691499,0.0,0.0,0.003968253968253968,0.021825396825396824,0.021825396825396824,4.0,0.23214285714285715,0.21428571428571427,0.20238095238095238,0.20436507936507936,0.011904761904761904
Общественное питание,20261009,-20,ramp,spike,1,504,1512,1.1479654899837144,0.0,0.001984126984126984,0.001984126984126984,0.001984126984126984,0.001984126984126984,1.0,0.013888888888888888,0.013888888888888888,0.023809523809523808,0.02447089947089947,0.0013227513227513227
Общественное питание,20261009,-20,ramp,rolling_3m,1,504,1512,0.9676368069361972,0.0,0.0,0.0,0.0,0.0,,0.015873015873015872,0.011904761904761904,0.016534391534391533,0.017195767195767195,0.001984126984126984
Общественное питание,20261009,-20,ramp,ewma,1,504,1512,0.5911860262795833,0.0,0.0,0.003968253968253968,0.01984126984126984,0.01984126984126984,3.5,0.061507936507936505,0.0496031746031746,0.06084656084656084,0.06481481481481481,0.00992063492063492
Общественное питание,20261009,-20,ramp,cusum,1,504,1512,1.7594629203691499,0.0,0.001984126984126984,0.007936507936507936,0.06944444444444445,0.06944444444444445,4.0,0.23214285714285715,0.23015873015873015,0.20238095238095238,0.20304232804232805,0.01917989417989418
Общественное питание,20261009,20,step,spike,0,504,1512,1.1479654899837144,0.001984126984126984,0.005952380952380952,0.005952380952380952,0.013888888888888888,0.011904761904761904,3.0,0.013888888888888888,0.01984126984126984,0.023809523809523808,0.022486772486772486,0.0013227513227513227
Общественное питание,20261009,20,step,rolling_3m,0,504,1512,0.9676368069361972,0.001984126984126984,0.005952380952380952,0.007936507936507936,0.013888888888888888,0.011904761904761904,2.0,0.015873015873015872,0.021825396825396824,0.016534391534391533,0.013888888888888888,0.0
Общественное питание,20261009,20,step,ewma,0,504,1512,0.5911860262795833,0.005952380952380952,0.013888888888888888,0.02976190476190476,0.09722222222222222,0.09126984126984126,3.0,0.061507936507936505,0.11904761904761904,0.06084656084656084,0.05952380952380952,0.005952380952380952
Общественное питание,20261009,20,step,cusum,0,504,1512,1.7594629203691499,0.00992063492063492,0.037698412698412696,0.08333333333333333,0.2757936507936508,0.26587301587301587,3.0,0.23214285714285715,0.3353174603174603,0.20238095238095238,0.1931216931216931,0.027116402116402115
Общественное питание,20261009,20,pulse,spike,0,504,1512,1.1479654899837144,0.001984126984126984,0.001984126984126984,0.001984126984126984,0.001984126984126984,0.0,0.0,0.013888888888888888,0.015873015873015872,0.023809523809523808,0.023809523809523808,0.0
Общественное питание,20261009,20,pulse,rolling_3m,0,504,1512,0.9676368069361972,0.001984126984126984,0.003968253968253968,0.005952380952380952,0.005952380952380952,0.003968253968253968,1.0,0.015873015873015872,0.01984126984126984,0.016534391534391533,0.016534391534391533,0.0
Общественное питание,20261009,20,pulse,ewma,0,504,1512,0.5911860262795833,0.005952380952380952,0.007936507936507936,0.011904761904761904,0.017857142857142856,0.011904761904761904,2.0,0.061507936507936505,0.06746031746031746,0.06084656084656084,0.06018518518518518,0.0006613756613756613
Общественное питание,20261009,20,pulse,cusum,0,504,1512,1.7594629203691499,0.00992063492063492,0.023809523809523808,0.03373015873015873,0.08928571428571429,0.07936507936507936,3.0,0.23214285714285715,0.23412698412698413,0.20238095238095238,0.2003968253968254,0.005952380952380952
Общественное питание,20261009,20,ramp,spike,1,504,1512,1.1479654899837144,0.0,0.0,0.001984126984126984,0.00992063492063492,0.00992063492063492,3.0,0.013888888888888888,0.01984126984126984,0.023809523809523808,0.023148148148148147,0.0013227513227513227
Общественное питание,20261009,20,ramp,rolling_3m,1,504,1512,0.9676368069361972,0.0,0.0,0.0,0.005952380952380952,0.005952380952380952,4.0,0.015873015873015872,0.015873015873015872,0.016534391534391533,0.01455026455026455,0.0
Общественное питание,20261009,20,ramp,ewma,1,504,1512,0.5911860262795833,0.0,0.003968253968253968,0.013888888888888888,0.06349206349206349,0.06349206349206349,3.0,0.061507936507936505,0.10119047619047619,0.06084656084656084,0.05952380952380952,0.003968253968253968
Общественное питание,20261009,20,ramp,cusum,1,504,1512,1.7594629203691499,0.003968253968253968,0.00992063492063492,0.03571428571428571,0.11706349206349206,0.1130952380952381,3.0,0.23214285714285715,0.2619047619047619,0.20238095238095238,0.19907407407407407,0.013227513227513227
Общественное питание,20261010,-20,step,spike,0,504,1512,1.1479654899837144,0.0,0.001984126984126984,0.001984126984126984,0.007936507936507936,0.007936507936507936,4.5,0.01984126984126984,0.017857142857142856,0.021825396825396824,0.021825396825396824,0.0013227513227513227
Общественное питание,20261010,-20,step,rolling_3m,0,504,1512,0.9676368069361972,0.0,0.001984126984126984,0.003968253968253968,0.003968253968253968,0.003968253968253968,1.5,0.017857142857142856,0.007936507936507936,0.015873015873015872,0.01917989417989418,0.004629629629629629
Общественное питание,20261010,-20,step,ewma,0,504,1512,0.5911860262795833,0.001984126984126984,0.007936507936507936,0.007936507936507936,0.01984126984126984,0.017857142857142856,4.0,0.06547619047619048,0.047619047619047616,0.05952380952380952,0.06613756613756613,0.01917989417989418
Общественное питание,20261010,-20,step,cusum,0,504,1512,1.7594629203691499,0.0,0.003968253968253968,0.015873015873015872,0.19246031746031747,0.19246031746031747,4.0,0.20833333333333334,0.28174603174603174,0.21031746031746032,0.21693121693121692,0.06812169312169312
Общественное питание,20261010,-20,pulse,spike,0,504,1512,1.1479654899837144,0.0,0.0,0.0,0.0,0.0,,0.01984126984126984,0.01984126984126984,0.021825396825396824,0.021164021164021163,0.0
Общественное питание,20261010,-20,pulse,rolling_3m,0,504,1512,0.9676368069361972,0.0,0.0,0.0,0.0,0.0,,0.017857142857142856,0.017857142857142856,0.015873015873015872,0.015873015873015872,0.0
Общественное питание,20261010,-20,pulse,ewma,0,504,1512,0.5911860262795833,0.001984126984126984,0.001984126984126984,0.001984126984126984,0.001984126984126984,0.0,0.0,0.06547619047619048,0.06349206349206349,0.05952380952380952,0.05886243386243386,0.001984126984126984
Общественное питание,20261010,-20,pulse,cusum,0,504,1512,1.7594629203691499,0.0,0.0,0.001984126984126984,0.03571428571428571,0.03571428571428571,5.0,0.20833333333333334,0.20634920634920634,0.21031746031746032,0.2123015873015873,0.018518518518518517
Общественное питание,20261010,-20,ramp,spike,1,504,1512,1.1479654899837144,0.0,0.001984126984126984,0.001984126984126984,0.007936507936507936,0.007936507936507936,3.5,0.01984126984126984,0.021825396825396824,0.021825396825396824,0.021825396825396824,0.0006613756613756613
Общественное питание,20261010,-20,ramp,rolling_3m,1,504,1512,0.9676368069361972,0.0,0.0,0.0,0.0,0.0,,0.017857142857142856,0.00992063492063492,0.015873015873015872,0.017195767195767195,0.0026455026455026454
Общественное питание,20261010,-20,ramp,ewma,1,504,1512,0.5911860262795833,0.0,0.001984126984126984,0.001984126984126984,0.007936507936507936,0.007936507936507936,3.0,0.06547619047619048,0.047619047619047616,0.05952380952380952,0.06547619047619048,0.013227513227513227
Общественное питание,20261010,-20,ramp,cusum,1,504,1512,1.7594629203691499,0.0,0.001984126984126984,0.007936507936507936,0.06746031746031746,0.06746031746031746,4.0,0.20833333333333334,0.18452380952380953,0.21031746031746032,0.21164021164021163,0.0205026455026455
Общественное питание,20261010,20,step,spike,0,504,1512,1.1479654899837144,0.001984126984126984,0.001984126984126984,0.007936507936507936,0.013888888888888888,0.011904761904761904,2.0,0.01984126984126984,0.027777777777777776,0.021825396825396824,0.021164021164021163,0.0013227513227513227
Общественное питание,20261010,20,step,rolling_3m,0,504,1512,0.9676368069361972,0.003968253968253968,0.003968253968253968,0.005952380952380952,0.017857142857142856,0.013888888888888888,3.0,0.017857142857142856,0.025793650793650792,0.015873015873015872,0.013888888888888888,0.0
Общественное питание,20261010,20,step,ewma,0,504,1512,0.5911860262795833,0.001984126984126984,0.015873015873015872,0.037698412698412696,0.08531746031746032,0.08333333333333333,3.0,0.06547619047619048,0.10119047619047619,0.05952380952380952,0.0582010582010582,0.007275132275132275
Общественное питание,20261010,20,step,cusum,0,504,1512,1.7594629203691499,0.003968253968253968,0.027777777777777776,0.06746031746031746,0.23015873015873015,0.2261904761904762,3.0,0.20833333333333334,0.2976190476190476,0.21031746031746032,0.19444444444444445,0.023809523809523808
Общественное питание,20261010,20,pulse,spike,0,504,1512,1.1479654899837144,0.001984126984126984,0.001984126984126984,0.001984126984126984,0.001984126984126984,0.0,0.0,0.01984126984126984,0.021825396825396824,0.021825396825396824,0.021825396825396824,0.0
Общественное питание,20261010,20,pulse,rolling_3m,0,504,1512,0.9676368069361972,0.003968253968253968,0.003968253968253968,0.003968253968253968,0.003968253968253968,0.0,0.0,0.017857142857142856,0.01984126984126984,0.015873015873015872,0.015873015873015872,0.0
Общественное питание,20261010,20,pulse,ewma,0,504,1512,0.5911860262795833,0.001984126984126984,0.007936507936507936,0.013888888888888888,0.013888888888888888,0.011904761904761904,1.0,0.06547619047619048,0.07142857142857142,0.05952380952380952,0.0582010582010582,0.0006613756613756613
Общественное питание,20261010,20,pulse,cusum,0,504,1512,1.7594629203691499,0.003968253968253968,0.01984126984126984,0.03571428571428571,0.08928571428571429,0.08531746031746032,3.0,0.20833333333333334,0.21626984126984128,0.21031746031746032,0.207010582010582,0.005952380952380952
Общественное питание,20261010,20,ramp,spike,1,504,1512,1.1479654899837144,0.0,0.0,0.0,0.005952380952380952,0.005952380952380952,3.0,0.01984126984126984,0.025793650793650792,0.021825396825396824,0.021164021164021163,0.0013227513227513227
Общественное питание,20261010,20,ramp,rolling_3m,1,504,1512,0.9676368069361972,0.0,0.0,0.001984126984126984,0.007936507936507936,0.007936507936507936,3.5,0.017857142857142856,0.01984126984126984,0.015873015873015872,0.013888888888888888,0.0
Общественное питание,20261010,20,ramp,ewma,1,504,1512,0.5911860262795833,0.001984126984126984,0.011904761904761904,0.025793650793650792,0.047619047619047616,0.04563492063492063,2.0,0.06547619047619048,0.08531746031746032,0.05952380952380952,0.05952380952380952,0.005291005291005291
Общественное питание,20261010,20,ramp,cusum,1,504,1512,1.7594629203691499,0.003968253968253968,0.011904761904761904,0.027777777777777776,0.10515873015873016,0.10119047619047619,3.0,0.20833333333333334,0.2400793650793651,0.21031746031746032,0.2003968253968254,0.011904761904761904
Продовольствие,20261001,-20,step,spike,0,504,1512,0.145914189508647,0.9305555555555556,0.9642857142857143,0.9722222222222222,0.9821428571428571,0.051587301587301584,0.0,0.06746031746031746,0.9841269841269841,0.05092592592592592,0.051587301587301584,0.021825396825396824
Продовольствие,20261001,-20,step,rolling_3m,0,504,1512,0.11531587778744701,0.031746031746031744,0.8253968253968254,0.9821428571428571,0.9880952380952381,0.9563492063492064,1.0,0.04563492063492063,0.9880952380952381,0.03968253968253968,0.046957671957671955,0.01984126984126984
Продовольствие,20261001,-20,step,ewma,0,504,1512,0.07820066388899813,0.7698412698412699,0.9662698412698413,0.9761904761904762,0.9861111111111112,0.21626984126984128,0.0,0.13293650793650794,0.996031746031746,0.1111111111111111,0.1283068783068783,0.07407407407407407
Продовольствие,20261001,-20,step,cusum,0,504,1512,0.17131827148752596,0.6507936507936508,0.9642857142857143,0.9662698412698413,0.9682539682539683,0.31746031746031744,0.0,0.20833333333333334,1.0,0.17724867724867724,0.22156084656084657,0.13822751322751323
Продовольствие,20261001,-20,pulse,spike,0,504,1512,0.145914189508647,0.9305555555555556,0.9305555555555556,0.9305555555555556,0.9305555555555556,0.0,0.0,0.06746031746031746,0.9484126984126984,0.05092592592592592,0.052248677248677246,0.001984126984126984
Продовольствие,20261001,-20,pulse,rolling_3m,0,504,1512,0.11531587778744701,0.031746031746031744,0.06746031746031746,0.09523809523809523,0.09523809523809523,0.06349206349206349,1.0,0.04563492063492063,0.1130952380952381,0.03968253968253968,0.04034391534391534,0.004629629629629629
Продовольствие,20261001,-20,pulse,ewma,0,504,1512,0.07820066388899813,0.7698412698412699,0.7698412698412699,0.7738095238095238,0.7757936507936508,0.005952380952380952,0.0,0.13293650793650794,0.8273809523809523,0.1111111111111111,0.10978835978835978,0.008597883597883597
Продовольствие,20261001,-20,pulse,cusum,0,504,1512,0.17131827148752596,0.6507936507936508,0.6686507936507936,0.6825396825396826,0.6924603174603174,0.041666666666666664,0.0,0.20833333333333334,0.7777777777777778,0.17724867724867724,0.17857142857142858,0.031746031746031744
Продовольствие,20261001,-20,ramp,spike,1,504,1512,0.145914189508647,0.005952380952380952,0.05357142857142857,0.2261904761904762,0.8809523809523809,0.875,3.0,0.06746031746031746,0.8888888888888888,0.05092592592592592,0.05092592592592592,0.017857142857142856
Продовольствие,20261001,-20,ramp,rolling_3m,1,504,1512,0.11531587778744701,0.003968253968253968,0.017857142857142856,0.10912698412698413,0.8353174603174603,0.8313492063492064,3.0,0.04563492063492063,0.8452380952380952,0.03968253968253968,0.046296296296296294,0.017195767195767195
Продовольствие,20261001,-20,ramp,ewma,1,504,1512,0.07820066388899813,0.003968253968253968,0.09325396825396826,0.45634920634920634,0.9325396825396826,0.9285714285714286,3.0,0.13293650793650794,0.9503968253968254,0.1111111111111111,0.12367724867724868,0.06349206349206349
Продовольствие,20261001,-20,ramp,cusum,1,504,1512,0.17131827148752596,0.005952380952380952,0.06944444444444445,0.40674603174603174,0.875,0.8690476190476191,3.0,0.20833333333333334,0.9642857142857143,0.17724867724867724,0.20767195767195767,0.10185185185185185
Продовольствие,20261001,20,step,spike,0,504,1512,0.145914189508647,0.7321428571428571,0.8492063492063492,0.8869047619047619,0.9265873015873016,0.19444444444444445,0.0,0.06746031746031746,0.9305555555555556,0.05092592592592592,0.052248677248677246,0.016534391534391533
Продовольствие,20261001,20,step,rolling_3m,0,504,1512,0.11531587778744701,0.027777777777777776,0.39880952380952384,0.9285714285714286,0.9563492063492064,0.9285714285714286,2.0,0.04563492063492063,0.9583333333333334,0.03968253968253968,0.04497354497354497,0.018518518518518517
Продовольствие,20261001,20,step,ewma,0,504,1512,0.07820066388899813,0.4126984126984127,0.9186507936507936,0.9583333333333334,0.9781746031746031,0.5654761904761905,1.0,0.13293650793650794,0.9821428571428571,0.1111111111111111,0.11375661375661375,0.05092592592592592
Продовольствие,20261001,20,step,cusum,0,504,1512,0.17131827148752596,0.24404761904761904,0.9384920634920635,0.9603174603174603,0.9623015873015873,0.7182539682539683,1.0,0.20833333333333334,0.9920634920634921,0.17724867724867724,0.19576719576719576,0.10582010582010581
Продовольствие,20261001,20,pulse,spike,0,504,1512,0.145914189508647,0.7321428571428571,0.7321428571428571,0.7321428571428571,0.7321428571428571,0.0,0.0,0.06746031746031746,0.7638888888888888,0.05092592592592592,0.05092592592592592,0.0006613756613756613
Продовольствие,20261001,20,pulse,rolling_3m,0,504,1512,0.11531587778744701,0.027777777777777776,0.04563492063492063,0.07341269841269842,0.07341269841269842,0.04563492063492063,1.0,0.04563492063492063,0.10317460317460317,0.03968253968253968,0.041005291005291,0.0013227513227513227
Продовольствие,20261001,20,pulse,ewma,0,504,1512,0.07820066388899813,0.4126984126984127,0.4146825396825397,0.4166666666666667,0.42063492063492064,0.007936507936507936,0.0,0.13293650793650794,0.48214285714285715,0.1111111111111111,0.10846560846560846,0.004629629629629629
Продовольствие,20261001,20,pulse,cusum,0,504,1512,0.17131827148752596,0.24404761904761904,0.2698412698412698,0.2857142857142857,0.32341269841269843,0.07936507936507936,0.0,0.20833333333333334,0.4146825396825397,0.17724867724867724,0.1712962962962963,0.013227513227513227
Продовольствие,20261001,20,ramp,spike,1,504,1512,0.145914189508647,0.005952380952380952,0.0496031746031746,0.16071428571428573,0.6904761904761905,0.6845238095238095,3.0,0.06746031746031746,0.7003968253968254,0.05092592592592592,0.052248677248677246,0.015873015873015872
Продовольствие,20261001,20,ramp,rolling_3m,1,504,1512,0.11531587778744701,0.0,0.01984126984126984,0.10317460317460317,0.6587301587301587,0.6587301587301587,4.0,0.04563492063492063,0.6746031746031746,0.03968253968253968,0.04497354497354497,0.01455026455026455
Продовольствие,20261001,20,ramp,ewma,1,504,1512,0.07820066388899813,0.007936507936507936,0.07936507936507936,0.3115079365079365,0.8611111111111112,0.8531746031746031,3.0,0.13293650793650794,0.8968253968253969,0.1111111111111111,0.11507936507936507,0.04365079365079365
Продовольствие,20261001,20,ramp,cusum,1,504,1512,0.17131827148752596,0.00992063492063492,0.0873015873015873,0.2996031746031746,0.8432539682539683,0.8333333333333334,3.0,0.20833333333333334,0.9166666666666666,0.17724867724867724,0.19113756613756613,0.07407407407407407
Продовольствие,20261002,-20,step,spike,0,504,1512,0.145914189508647,0.9404761904761905,0.9642857142857143,0.9821428571428571,0.9880952380952381,0.047619047619047616,0.0,0.06349206349206349,0.9880952380952381,0.052248677248677246,0.052248677248677246,0.021164021164021163
Продовольствие,20261002,-20,step,rolling_3m,0,504,1512,0.11531587778744701,0.03373015873015873,0.7996031746031746,0.9861111111111112,0.9900793650793651,0.9563492063492064,1.0,0.047619047619047616,0.9920634920634921,0.03902116402116402,0.047619047619047616,0.021825396825396824
Продовольствие,20261002,-20,step,ewma,0,504,1512,0.07820066388899813,0.7738095238095238,0.9623015873015873,0.9761904761904762,0.9900793650793651,0.21626984126984128,0.0,0.11706349206349206,0.998015873015873,0.1164021164021164,0.13690476190476192,0.08002645502645503
Продовольствие,20261002,-20,step,cusum,0,504,1512,0.17131827148752596,0.6706349206349206,0.9603174603174603,0.9623015873015873,0.9662698412698413,0.29563492063492064,0.0,0.1884920634920635,0.998015873015873,0.18386243386243387,0.22685185185185186,0.1455026455026455
Продовольствие,20261002,-20,pulse,spike,0,504,1512,0.145914189508647,0.9404761904761905,0.9404761904761905,0.9404761904761905,0.9404761904761905,0.0,0.0,0.06349206349206349,0.9642857142857143,0.052248677248677246,0.05489417989417989,0.0033068783068783067
Продовольствие,20261002,-20,pulse,rolling_3m,0,504,1512,0.11531587778744701,0.03373015873015873,0.06547619047619048,0.08333333333333333,0.08333333333333333,0.0496031746031746,1.0,0.047619047619047616,0.1111111111111111,0.03902116402116402,0.03902116402116402,0.0033068783068783067
Продовольствие,20261002,-20,pulse,ewma,0,504,1512,0.07820066388899813,0.7738095238095238,0.7738095238095238,0.7738095238095238,0.7757936507936508,0.001984126984126984,0.0,0.11706349206349206,0.8154761904761905,0.1164021164021164,0.11507936507936507,0.007936507936507936
Продовольствие,20261002,-20,pulse,cusum,0,504,1512,0.17131827148752596,0.6706349206349206,0.6785714285714286,0.6825396825396826,0.6924603174603174,0.021825396825396824,0.0,0.1884920634920635,0.7619047619047619,0.18386243386243387,0.18783068783068782,0.031746031746031744
Продовольствие,20261002,-20,ramp,spike,1,504,1512,0.145914189508647,0.00992063492063492,0.04365079365079365,0.20634920634920634,0.876984126984127,0.8670634920634921,3.0,0.06349206349206349,0.878968253968254,0.052248677248677246,0.05092592592592592,0.017195767195767195
Продовольствие,20261002,-20,ramp,rolling_3m,1,504,1512,0.11531587778744701,0.001984126984126984,0.013888888888888888,0.08531746031746032,0.8234126984126984,0.8214285714285714,3.0,0.047619047619047616,0.8353174603174603,0.03902116402116402,0.046957671957671955,0.01984126984126984
Продовольствие,20261002,-20,ramp,ewma,1,504,1512,0.07820066388899813,0.007936507936507936,0.07142857142857142,0.4365079365079365,0.9384920634920635,0.9305555555555556,3.0,0.11706349206349206,0.9583333333333334,0.1164021164021164,0.13293650793650794,0.06812169312169312
Продовольствие,20261002,-20,ramp,cusum,1,504,1512,0.17131827148752596,0.005952380952380952,0.061507936507936505,0.3948412698412698,0.8849206349206349,0.878968253968254,3.0,0.1884920634920635,0.9702380952380952,0.18386243386243387,0.20965608465608465,0.10251322751322751
Продовольствие,20261002,20,step,spike,0,504,1512,0.145914189508647,0.7559523809523809,0.8511904761904762,0.8988095238095238,0.9444444444444444,0.1884920634920635,0.0,0.06349206349206349,0.9464285714285714,0.052248677248677246,0.056216931216931214,0.017195767195767195
Продовольствие,20261002,20,step,rolling_3m,0,504,1512,0.11531587778744701,0.02976190476190476,0.40674603174603174,0.9404761904761905,0.9583333333333334,0.9285714285714286,2.0,0.047619047619047616,0.9623015873015873,0.03902116402116402,0.04563492063492063,0.018518518518518517
Продовольствие,20261002,20,step,ewma,0,504,1512,0.07820066388899813,0.4007936507936508,0.9226190476190477,0.9623015873015873,0.9861111111111112,0.5853174603174603,1.0,0.11706349206349206,0.9940476190476191,0.1164021164021164,0.12367724867724868,0.05291005291005291
Продовольствие,20261002,20,step,cusum,0,504,1512,0.17131827148752596,0.22817460317460317,0.9325396825396826,0.9523809523809523,0.9563492063492064,0.7281746031746031,1.0,0.1884920634920635,0.996031746031746,0.18386243386243387,0.20304232804232805,0.10317460317460317
Продовольствие,20261002,20,pulse,spike,0,504,1512,0.145914189508647,0.7559523809523809,0.7559523809523809,0.7559523809523809,0.7559523809523809,0.0,0.0,0.06349206349206349,0.7837301587301587,0.052248677248677246,0.051587301587301584,0.0
Продовольствие,20261002,20,pulse,rolling_3m,0,504,1512,0.11531587778744701,0.02976190476190476,0.05357142857142857,0.07936507936507936,0.07936507936507936,0.0496031746031746,1.0,0.047619047619047616,0.10714285714285714,0.03902116402116402,0.03968253968253968,0.0006613756613756613
Продовольствие,20261002,20,pulse,ewma,0,504,1512,0.07820066388899813,0.4007936507936508,0.4087301587301587,0.4087301587301587,0.4126984126984127,0.011904761904761904,0.0,0.11706349206349206,0.4623015873015873,0.1164021164021164,0.11441798941798942,0.004629629629629629
Продовольствие,20261002,20,pulse,cusum,0,504,1512,0.17131827148752596,0.22817460317460317,0.25992063492063494,0.27976190476190477,0.32142857142857145,0.09325396825396826,0.0,0.1884920634920635,0.39285714285714285,0.18386243386243387,0.17989417989417988,0.015873015873015872
Продовольствие,20261002,20,ramp,spike,1,504,1512,0.145914189508647,0.017857142857142856,0.05357142857142857,0.17857142857142858,0.6984126984126984,0.6805555555555556,3.0,0.06349206349206349,0.7103174603174603,0.052248677248677246,0.05555555555555555,0.01521164021164021
Продовольствие,20261002,20,ramp,rolling_3m,1,504,1512,0.11531587778744701,0.003968253968253968,0.015873015873015872,0.1111111111111111,0.6984126984126984,0.6944444444444444,3.0,0.047619047619047616,0.7123015873015873,0.03902116402116402,0.046296296296296294,0.01521164021164021
Продовольствие,20261002,20,ramp,ewma,1,504,1512,0.07820066388899813,0.017857142857142856,0.09325396825396826,0.3333333333333333,0.8928571428571429,0.875,3.0,0.11706349206349206,0.9186507936507936,0.1164021164021164,0.12037037037037036,0.03968253968253968
Продовольствие,20261002,20,ramp,cusum,1,504,1512,0.17131827148752596,0.017857142857142856,0.08333333333333333,0.3253968253968254,0.873015873015873,0.8551587301587301,3.0,0.1884920634920635,0.9384920634920635,0.18386243386243387,0.19775132275132276,0.07142857142857142
Продовольствие,20261003,-20,step,spike,0,504,1512,0.145914189508647,0.9365079365079365,0.9801587301587301,0.9880952380952381,0.9900793650793651,0.05357142857142857,0.0,0.03968253968253968,0.9920634920634921,0.06018518518518518,0.06481481481481481,0.026455026455026454
Продовольствие,20261003,-20,step,rolling_3m,0,504,1512,0.11531587778744701,0.023809523809523808,0.8492063492063492,0.9900793650793651,0.9940476190476191,0.9702380952380952,1.0,0.025793650793650792,0.9940476190476191,0.046296296296296294,0.056878306878306875,0.025793650793650792
Продовольствие,20261003,-20,step,ewma,0,504,1512,0.07820066388899813,0.7857142857142857,0.9761904761904762,0.9801587301587301,0.9900793650793651,0.20436507936507936,0.0,0.1111111111111111,0.996031746031746,0.11838624338624339,0.14814814814814814,0.08664021164021164
Продовольствие,20261003,-20,step,cusum,0,504,1512,0.17131827148752596,0.6984126984126984,0.9722222222222222,0.9742063492063492,0.9742063492063492,0.2757936507936508,0.0,0.16071428571428573,0.998015873015873,0.1931216931216931,0.23941798941798942,0.15145502645502645
Продовольствие,20261003,-20,pulse,spike,0,504,1512,0.145914189508647,0.9365079365079365,0.9365079365079365,0.9365079365079365,0.9365079365079365,0.0,0.0,0.03968253968253968,0.9543650793650794,0.06018518518518518,0.06283068783068783,0.0033068783068783067
Продовольствие,20261003,-20,pulse,rolling_3m,0,504,1512,0.11531587778744701,0.023809523809523808,0.051587301587301584,0.07341269841269842,0.07341269841269842,0.0496031746031746,1.0,0.025793650793650792,0.0873015873015873,0.046296296296296294,0.046296296296296294,0.004629629629629629
Продовольствие,20261003,-20,pulse,ewma,0,504,1512,0.07820066388899813,0.7857142857142857,0.7876984126984127,0.7896825396825397,0.7936507936507936,0.007936507936507936,0.0,0.1111111111111111,0.8313492063492064,0.11838624338624339,0.11706349206349206,0.009259259259259259
Продовольствие,20261003,-20,pulse,cusum,0,504,1512,0.17131827148752596,0.6984126984126984,0.7083333333333334,0.7123015873015873,0.7202380952380952,0.021825396825396824,0.0,0.16071428571428573,0.7956349206349206,0.1931216931216931,0.19444444444444445,0.032407407407407406
Продовольствие,20261003,-20,ramp,spike,1,504,1512,0.145914189508647,0.003968253968253968,0.037698412698412696,0.18055555555555555,0.8948412698412699,0.8908730158730159,3.0,0.03968253968253968,0.9007936507936508,0.06018518518518518,0.062169312169312166,0.0205026455026455
Продовольствие,20261003,-20,ramp,rolling_3m,1,504,1512,0.11531587778744701,0.001984126984126984,0.015873015873015872,0.07341269841269842,0.8472222222222222,0.8452380952380952,3.0,0.025793650793650792,0.8531746031746031,0.046296296296296294,0.057539682539682536,0.023809523809523808
Продовольствие,20261003,-20,ramp,ewma,1,504,1512,0.07820066388899813,0.005952380952380952,0.06349206349206349,0.44642857142857145,0.9563492063492064,0.9503968253968254,3.0,0.1111111111111111,0.9642857142857143,0.11838624338624339,0.1388888888888889,0.07208994708994709
Продовольствие,20261003,-20,ramp,cusum,1,504,1512,0.17131827148752596,0.001984126984126984,0.051587301587301584,0.4007936507936508,0.9087301587301587,0.9067460317460317,3.0,0.16071428571428573,0.9722222222222222,0.1931216931216931,0.2261904761904762,0.1111111111111111
Продовольствие,20261003,20,step,spike,0,504,1512,0.145914189508647,0.7301587301587301,0.8531746031746031,0.9027777777777778,0.9464285714285714,0.21626984126984128,0.0,0.03968253968253968,0.9484126984126984,0.06018518518518518,0.05886243386243386,0.01455026455026455
Продовольствие,20261003,20,step,rolling_3m,0,504,1512,0.11531587778744701,0.02976190476190476,0.38095238095238093,0.9543650793650794,0.9722222222222222,0.9424603174603174,2.0,0.025793650793650792,0.9722222222222222,0.046296296296296294,0.051587301587301584,0.021164021164021163
Продовольствие,20261003,20,step,ewma,0,504,1512,0.07820066388899813,0.34523809523809523,0.9305555555555556,0.9742063492063492,0.9900793650793651,0.6448412698412699,1.0,0.1111111111111111,0.996031746031746,0.11838624338624339,0.1302910052910053,0.056216931216931214
Продовольствие,20261003,20,step,cusum,0,504,1512,0.17131827148752596,0.20833333333333334,0.9464285714285714,0.9662698412698413,0.9682539682539683,0.7599206349206349,1.0,0.16071428571428573,0.998015873015873,0.1931216931216931,0.20238095238095238,0.10648148148148148
Продовольствие,20261003,20,pulse,spike,0,504,1512,0.145914189508647,0.7301587301587301,0.7301587301587301,0.7301587301587301,0.7301587301587301,0.0,0.0,0.03968253968253968,0.75,0.06018518518518518,0.06084656084656084,0.0006613756613756613
Продовольствие,20261003,20,pulse,rolling_3m,0,504,1512,0.11531587778744701,0.02976190476190476,0.037698412698412696,0.06547619047619048,0.06547619047619048,0.03571428571428571,1.0,0.025793650793650792,0.07341269841269842,0.046296296296296294,0.046957671957671955,0.0006613756613756613
Продовольствие,20261003,20,pulse,ewma,0,504,1512,0.07820066388899813,0.34523809523809523,0.3472222222222222,0.3472222222222222,0.3472222222222222,0.001984126984126984,0.0,0.1111111111111111,0.39285714285714285,0.11838624338624339,0.11772486772486772,0.005952380952380952
Продовольствие,20261003,20,pulse,cusum,0,504,1512,0.17131827148752596,0.20833333333333334,0.2361111111111111,0.2619047619047619,0.2996031746031746,0.09126984126984126,0.0,0.16071428571428573,0.37103174603174605,0.1931216931216931,0.1865079365079365,0.01455026455026455
Продовольствие,20261003,20,ramp,spike,1,504,1512,0.145914189508647,0.003968253968253968,0.03571428571428571,0.17261904761904762,0.7103174603174603,0.7063492063492064,3.0,0.03968253968253968,0.7162698412698413,0.06018518518518518,0.0582010582010582,0.013227513227513227
Продовольствие,20261003,20,ramp,rolling_3m,1,504,1512,0.11531587778744701,0.0,0.001984126984126984,0.07936507936507936,0.6944444444444444,0.6944444444444444,4.0,0.025793650793650792,0.7063492063492064,0.046296296296296294,0.051587301587301584,0.01521164021164021
Продовольствие,20261003,20,ramp,ewma,1,504,1512,0.07820066388899813,0.00992063492063492,0.06349206349206349,0.30753968253968256,0.8809523809523809,0.871031746031746,3.0,0.1111111111111111,0.8948412698412699,0.11838624338624339,0.12764550264550265,0.04431216931216931
Продовольствие,20261003,20,ramp,cusum,1,504,1512,0.17131827148752596,0.011904761904761904,0.07341269841269842,0.29365079365079366,0.8869047619047619,0.875,3.0,0.16071428571428573,0.9285714285714286,0.1931216931216931,0.20502645502645503,0.07671957671957672
Продовольствие,20261004,-20,step,spike,0,504,1512,0.145914189508647,0.9345238095238095,0.9702380952380952,0.9722222222222222,0.9821428571428571,0.047619047619047616,0.0,0.06349206349206349,0.9841269841269841,0.052248677248677246,0.05423280423280423,0.01984126984126984
Продовольствие,20261004,-20,step,rolling_3m,0,504,1512,0.11531587778744701,0.031746031746031744,0.8353174603174603,0.9761904761904762,0.9841269841269841,0.9523809523809523,1.0,0.051587301587301584,0.9880952380952381,0.037698412698412696,0.0496031746031746,0.021825396825396824
Продовольствие,20261004,-20,step,ewma,0,504,1512,0.07820066388899813,0.7896825396825397,0.9702380952380952,0.9801587301587301,0.9861111111111112,0.19642857142857142,0.0,0.12103174603174603,0.9940476190476191,0.11507936507936507,0.1388888888888889,0.08333333333333333
Продовольствие,20261004,-20,step,cusum,0,504,1512,0.17131827148752596,0.6646825396825397,0.9702380952380952,0.9702380952380952,0.9702380952380952,0.3055555555555556,0.0,0.18452380952380953,1.0,0.18518518518518517,0.23214285714285715,0.14947089947089948
Продовольствие,20261004,-20,pulse,spike,0,504,1512,0.145914189508647,0.9345238095238095,0.9345238095238095,0.9345238095238095,0.9345238095238095,0.0,0.0,0.06349206349206349,0.9503968253968254,0.052248677248677246,0.05357142857142857,0.0026455026455026454
Продовольствие,20261004,-20,pulse,rolling_3m,0,504,1512,0.11531587778744701,0.031746031746031744,0.061507936507936505,0.08134920634920635,0.08134920634920635,0.0496031746031746,1.0,0.051587301587301584,0.1130952380952381,0.037698412698412696,0.037037037037037035,0.0033068783068783067
Продовольствие,20261004,-20,pulse,ewma,0,504,1512,0.07820066388899813,0.7896825396825397,0.7896825396825397,0.7896825396825397,0.7936507936507936,0.003968253968253968,0.0,0.12103174603174603,0.8353174603174603,0.11507936507936507,0.11243386243386243,0.009259259259259259
Продовольствие,20261004,-20,pulse,cusum,0,504,1512,0.17131827148752596,0.6646825396825397,0.6765873015873016,0.6884920634920635,0.7003968253968254,0.03571428571428571,0.0,0.18452380952380953,0.7718253968253969,0.18518518518518517,0.1884920634920635,0.03571428571428571
Продовольствие,20261004,-20,ramp,spike,1,504,1512,0.145914189508647,0.0,0.031746031746031744,0.21428571428571427,0.8928571428571429,0.8928571428571429,3.0,0.06349206349206349,0.8988095238095238,0.052248677248677246,0.05423280423280423,0.017195767195767195
Продовольствие,20261004,-20,ramp,rolling_3m,1,504,1512,0.11531587778744701,0.0,0.015873015873015872,0.08333333333333333,0.8492063492063492,0.8492063492063492,3.0,0.051587301587301584,0.8591269841269841,0.037698412698412696,0.0496031746031746,0.01984126984126984
Продовольствие,20261004,-20,ramp,ewma,1,504,1512,0.07820066388899813,0.007936507936507936,0.06349206349206349,0.4444444444444444,0.9365079365079365,0.9285714285714286,3.0,0.12103174603174603,0.9603174603174603,0.11507936507936507,0.13293650793650794,0.06746031746031746
Продовольствие,20261004,-20,ramp,cusum,1,504,1512,0.17131827148752596,0.00992063492063492,0.057539682539682536,0.3948412698412698,0.8948412698412699,0.8849206349206349,3.0,0.18452380952380953,0.9722222222222222,0.18518518518518517,0.21957671957671956,0.11044973544973545
Продовольствие,20261004,20,step,spike,0,504,1512,0.145914189508647,0.751984126984127,0.873015873015873,0.9067460317460317,0.9464285714285714,0.19444444444444445,0.0,0.06349206349206349,0.9503968253968254,0.052248677248677246,0.057539682539682536,0.01984126984126984
Продовольствие,20261004,20,step,rolling_3m,0,504,1512,0.11531587778744701,0.025793650793650792,0.3948412698412698,0.9424603174603174,0.9623015873015873,0.9365079365079365,2.0,0.051587301587301584,0.9682539682539683,0.037698412698412696,0.04828042328042328,0.021164021164021163
Продовольствие,20261004,20,step,ewma,0,504,1512,0.07820066388899813,0.38095238095238093,0.9246031746031746,0.9662698412698413,0.9781746031746031,0.5972222222222222,1.0,0.12103174603174603,0.9880952380952381,0.11507936507936507,0.12367724867724868,0.057539682539682536
Продовольствие,20261004,20,step,cusum,0,504,1512,0.17131827148752596,0.20436507936507936,0.9404761904761905,0.9583333333333334,0.9583333333333334,0.753968253968254,1.0,0.18452380952380953,0.9920634920634921,0.18518518518518517,0.20502645502645503,0.11243386243386243
Продовольствие,20261004,20,pulse,spike,0,504,1512,0.145914189508647,0.751984126984127,0.751984126984127,0.751984126984127,0.751984126984127,0.0,0.0,0.06349206349206349,0.7876984126984127,0.052248677248677246,0.052248677248677246,0.0006613756613756613
Продовольствие,20261004,20,pulse,rolling_3m,0,504,1512,0.11531587778744701,0.025793650793650792,0.03968253968253968,0.06349206349206349,0.06349206349206349,0.037698412698412696,1.0,0.051587301587301584,0.10119047619047619,0.037698412698412696,0.03902116402116402,0.0013227513227513227
Продовольствие,20261004,20,pulse,ewma,0,504,1512,0.07820066388899813,0.38095238095238093,0.3888888888888889,0.3888888888888889,0.39087301587301587,0.00992063492063492,0.0,0.12103174603174603,0.4444444444444444,0.11507936507936507,0.11243386243386243,0.003968253968253968
Продовольствие,20261004,20,pulse,cusum,0,504,1512,0.17131827148752596,0.20436507936507936,0.22817460317460317,0.24801587301587302,0.2996031746031746,0.09523809523809523,0.0,0.18452380952380953,0.37896825396825395,0.18518518518518517,0.18121693121693122,0.017195767195767195
Продовольствие,20261004,20,ramp,spike,1,504,1512,0.145914189508647,0.00992063492063492,0.04563492063492063,0.15476190476190477,0.7043650793650794,0.6944444444444444,3.0,0.06349206349206349,0.7123015873015873,0.052248677248677246,0.057539682539682536,0.018518518518518517
Продовольствие,20261004,20,ramp,rolling_3m,1,504,1512,0.11531587778744701,0.0,0.017857142857142856,0.08333333333333333,0.6527777777777778,0.6527777777777778,4.0,0.051587301587301584,0.6646825396825397,0.037698412698412696,0.04828042328042328,0.017195767195767195
Продовольствие,20261004,20,ramp,ewma,1,504,1512,0.07820066388899813,0.007936507936507936,0.07142857142857142,0.3055555555555556,0.8809523809523809,0.873015873015873,3.0,0.12103174603174603,0.9067460317460317,0.11507936507936507,0.12367724867724868,0.04828042328042328
Продовольствие,20261004,20,ramp,cusum,1,504,1512,0.17131827148752596,0.00992063492063492,0.061507936507936505,0.2916666666666667,0.8551587301587301,0.8452380952380952,3.0,0.18452380952380953,0.9226190476190477,0.18518518518518517,0.20171957671957672,0.07936507936507936
Продовольствие,20261005,-20,step,spike,0,504,1512,0.145914189508647,0.9186507936507936,0.9682539682539683,0.9742063492063492,0.9841269841269841,0.06547619047619048,0.0,0.051587301587301584,0.9880952380952381,0.056216931216931214,0.05555555555555555,0.01917989417989418
Продовольствие,20261005,-20,step,rolling_3m,0,504,1512,0.11531587778744701,0.041666666666666664,0.8015873015873016,0.9821428571428571,0.9900793650793651,0.9484126984126984,1.0,0.0496031746031746,0.9920634920634921,0.03835978835978836,0.046957671957671955,0.0205026455026455
Продовольствие,20261005,-20,step,ewma,0,504,1512,0.07820066388899813,0.75,0.9642857142857143,0.9682539682539683,0.9841269841269841,0.23412698412698413,0.0,0.125,0.996031746031746,0.11375661375661375,0.1335978835978836,0.07605820105820106
Продовольствие,20261005,-20,step,cusum,0,504,1512,0.17131827148752596,0.6626984126984127,0.9623015873015873,0.9623015873015873,0.9623015873015873,0.2996031746031746,0.0,0.19642857142857142,0.998015873015873,0.18121693121693122,0.2261904761904762,0.14351851851851852
Продовольствие,20261005,-20,pulse,spike,0,504,1512,0.145914189508647,0.9186507936507936,0.9186507936507936,0.9186507936507936,0.9186507936507936,0.0,0.0,0.051587301587301584,0.9365079365079365,0.056216931216931214,0.056878306878306875,0.0013227513227513227
Продовольствие,20261005,-20,pulse,rolling_3m,0,504,1512,0.11531587778744701,0.041666666666666664,0.08134920634920635,0.10119047619047619,0.10119047619047619,0.05952380952380952,1.0,0.0496031746031746,0.125,0.03835978835978836,0.037698412698412696,0.0033068783068783067
Продовольствие,20261005,-20,pulse,ewma,0,504,1512,0.07820066388899813,0.75,0.75,0.75,0.75,0.0,0.0,0.125,0.8055555555555556,0.11375661375661375,0.1130952380952381,0.00992063492063492
Продовольствие,20261005,-20,pulse,cusum,0,504,1512,0.17131827148752596,0.6626984126984127,0.6686507936507936,0.6785714285714286,0.6845238095238095,0.021825396825396824,0.0,0.19642857142857142,0.7738095238095238,0.18121693121693122,0.18386243386243387,0.03042328042328042
Продовольствие,20261005,-20,ramp,spike,1,504,1512,0.145914189508647,0.005952380952380952,0.051587301587301584,0.19047619047619047,0.8888888888888888,0.8829365079365079,3.0,0.051587301587301584,0.9027777777777778,0.056216931216931214,0.05489417989417989,0.016534391534391533
Продовольствие,20261005,-20,ramp,rolling_3m,1,504,1512,0.11531587778744701,0.003968253968253968,0.017857142857142856,0.0873015873015873,0.8432539682539683,0.8392857142857143,3.0,0.0496031746031746,0.8551587301587301,0.03835978835978836,0.046296296296296294,0.018518518518518517
Продовольствие,20261005,-20,ramp,ewma,1,504,1512,0.07820066388899813,0.003968253968253968,0.07738095238095238,0.4226190476190476,0.9305555555555556,0.9265873015873016,3.0,0.125,0.9563492063492064,0.11375661375661375,0.12896825396825398,0.06547619047619048
Продовольствие,20261005,-20,ramp,cusum,1,504,1512,0.17131827148752596,0.005952380952380952,0.05952380952380952,0.39087301587301587,0.8591269841269841,0.8531746031746031,3.0,0.19642857142857142,0.9623015873015873,0.18121693121693122,0.21031746031746032,0.10052910052910052
Продовольствие,20261005,20,step,spike,0,504,1512,0.145914189508647,0.746031746031746,0.8492063492063492,0.8849206349206349,0.9365079365079365,0.19047619047619047,0.0,0.051587301587301584,0.9444444444444444,0.056216931216931214,0.05886243386243386,0.018518518518518517
Продовольствие,20261005,20,step,rolling_3m,0,504,1512,0.11531587778744701,0.017857142857142856,0.4126984126984127,0.9305555555555556,0.9583333333333334,0.9404761904761905,2.0,0.0496031746031746,0.9662698412698413,0.03835978835978836,0.047619047619047616,0.0205026455026455
Продовольствие,20261005,20,step,ewma,0,504,1512,0.07820066388899813,0.3888888888888889,0.9007936507936508,0.9444444444444444,0.9722222222222222,0.5833333333333334,1.0,0.125,0.9841269841269841,0.11375661375661375,0.12698412698412698,0.06283068783068783
Продовольствие,20261005,20,step,cusum,0,504,1512,0.17131827148752596,0.23809523809523808,0.9246031746031746,0.9424603174603174,0.9424603174603174,0.7043650793650794,1.0,0.19642857142857142,0.9880952380952381,0.18121693121693122,0.2037037037037037,0.11574074074074074
Продовольствие,20261005,20,pulse,spike,0,504,1512,0.145914189508647,0.746031746031746,0.746031746031746,0.746031746031746,0.746031746031746,0.0,0.0,0.051587301587301584,0.7817460317460317,0.056216931216931214,0.05555555555555555,0.0
Продовольствие,20261005,20,pulse,rolling_3m,0,504,1512,0.11531587778744701,0.017857142857142856,0.03968253968253968,0.07341269841269842,0.07341269841269842,0.05555555555555555,1.0,0.0496031746031746,0.1111111111111111,0.03835978835978836,0.03968253968253968,0.0013227513227513227
Продовольствие,20261005,20,pulse,ewma,0,504,1512,0.07820066388899813,0.3888888888888889,0.39880952380952384,0.39880952380952384,0.39880952380952384,0.00992063492063492,0.0,0.125,0.45436507936507936,0.11375661375661375,0.11243386243386243,0.006613756613756613
Продовольствие,20261005,20,pulse,cusum,0,504,1512,0.17131827148752596,0.23809523809523808,0.26785714285714285,0.2857142857142857,0.32142857142857145,0.08333333333333333,0.0,0.19642857142857142,0.40476190476190477,0.18121693121693122,0.1765873015873016,0.016534391534391533
Продовольствие,20261005,20,ramp,spike,1,504,1512,0.145914189508647,0.007936507936507936,0.0496031746031746,0.17857142857142858,0.7301587301587301,0.7222222222222222,3.0,0.051587301587301584,0.746031746031746,0.056216931216931214,0.05886243386243386,0.016534391534391533
Продовольствие,20261005,20,ramp,rolling_3m,1,504,1512,0.11531587778744701,0.001984126984126984,0.015873015873015872,0.0992063492063492,0.7063492063492064,0.7043650793650794,4.0,0.0496031746031746,0.7301587301587301,0.03835978835978836,0.04828042328042328,0.017195767195767195
Продовольствие,20261005,20,ramp,ewma,1,504,1512,0.07820066388899813,0.007936507936507936,0.08134920634920635,0.32936507936507936,0.8928571428571429,0.8849206349206349,3.0,0.125,0.9246031746031746,0.11375661375661375,0.12433862433862433,0.051587301587301584
Продовольствие,20261005,20,ramp,cusum,1,504,1512,0.17131827148752596,0.007936507936507936,0.07738095238095238,0.3115079365079365,0.8591269841269841,0.8511904761904762,3.0,0.19642857142857142,0.9305555555555556,0.18121693121693122,0.1984126984126984,0.08267195767195767
Продовольствие,20261006,-20,step,spike,0,504,1512,0.145914189508647,0.9444444444444444,0.9662698412698413,0.9761904761904762,0.9821428571428571,0.037698412698412696,0.0,0.03968253968253968,0.9841269841269841,0.06018518518518518,0.06084656084656084,0.023809523809523808
Продовольствие,20261006,-20,step,rolling_3m,0,504,1512,0.11531587778744701,0.031746031746031744,0.8313492063492064,0.9821428571428571,0.9900793650793651,0.9583333333333334,1.0,0.02976190476190476,0.9900793650793651,0.04497354497354497,0.051587301587301584,0.01984126984126984
Продовольствие,20261006,-20,step,ewma,0,504,1512,0.07820066388899813,0.7916666666666666,0.9742063492063492,0.9841269841269841,0.9861111111111112,0.19444444444444445,0.0,0.11904761904761904,0.998015873015873,0.11574074074074074,0.14087301587301587,0.082010582010582
Продовольствие,20261006,-20,step,cusum,0,504,1512,0.17131827148752596,0.6904761904761905,0.9761904761904762,0.9761904761904762,0.9781746031746031,0.2876984126984127,0.0,0.1884920634920635,1.0,0.18386243386243387,0.22817460317460317,0.14417989417989419
Продовольствие,20261006,-20,pulse,spike,0,504,1512,0.145914189508647,0.9444444444444444,0.9444444444444444,0.9444444444444444,0.9444444444444444,0.0,0.0,0.03968253968253968,0.9563492063492064,0.06018518518518518,0.061507936507936505,0.001984126984126984
Продовольствие,20261006,-20,pulse,rolling_3m,0,504,1512,0.11531587778744701,0.031746031746031744,0.06547619047619048,0.08531746031746032,0.08531746031746032,0.05357142857142857,1.0,0.02976190476190476,0.10119047619047619,0.04497354497354497,0.04431216931216931,0.0033068783068783067
Продовольствие,20261006,-20,pulse,ewma,0,504,1512,0.07820066388899813,0.7916666666666666,0.7936507936507936,0.7956349206349206,0.7956349206349206,0.003968253968253968,0.0,0.11904761904761904,0.8293650793650794,0.11574074074074074,0.11574074074074074,0.009259259259259259
Продовольствие,20261006,-20,pulse,cusum,0,504,1512,0.17131827148752596,0.6904761904761905,0.7003968253968254,0.7043650793650794,0.7103174603174603,0.01984126984126984,0.0,0.1884920634920635,0.7718253968253969,0.18386243386243387,0.18386243386243387,0.031746031746031744
Продовольствие,20261006,-20,ramp,spike,1,504,1512,0.145914189508647,0.005952380952380952,0.03968253968253968,0.20634920634920634,0.8908730158730159,0.8849206349206349,3.0,0.03968253968253968,0.8988095238095238,0.06018518518518518,0.06084656084656084,0.0205026455026455
Продовольствие,20261006,-20,ramp,rolling_3m,1,504,1512,0.11531587778744701,0.003968253968253968,0.023809523809523808,0.0873015873015873,0.8273809523809523,0.8234126984126984,3.0,0.02976190476190476,0.8373015873015873,0.04497354497354497,0.052248677248677246,0.017857142857142856
Продовольствие,20261006,-20,ramp,ewma,1,504,1512,0.07820066388899813,0.007936507936507936,0.07341269841269842,0.4623015873015873,0.9424603174603174,0.9345238095238095,3.0,0.11904761904761904,0.9623015873015873,0.11574074074074074,0.13955026455026456,0.07208994708994709
Продовольствие,20261006,-20,ramp,cusum,1,504,1512,0.17131827148752596,0.007936507936507936,0.05555555555555555,0.39087301587301587,0.8888888888888888,0.8809523809523809,3.0,0.1884920634920635,0.9662698412698413,0.18386243386243387,0.21428571428571427,0.10317460317460317
Продовольствие,20261006,20,step,spike,0,504,1512,0.145914189508647,0.7420634920634921,0.8650793650793651,0.8849206349206349,0.9345238095238095,0.19246031746031747,0.0,0.03968253968253968,0.9404761904761905,0.06018518518518518,0.062169312169312166,0.021164021164021163
Продовольствие,20261006,20,step,rolling_3m,0,504,1512,0.11531587778744701,0.027777777777777776,0.3948412698412698,0.9265873015873016,0.9543650793650794,0.9265873015873016,2.0,0.02976190476190476,0.9623015873015873,0.04497354497354497,0.0496031746031746,0.01984126984126984
Продовольствие,20261006,20,step,ewma,0,504,1512,0.07820066388899813,0.3611111111111111,0.9285714285714286,0.9603174603174603,0.9781746031746031,0.6170634920634921,1.0,0.11904761904761904,0.9900793650793651,0.11574074074074074,0.12433862433862433,0.05489417989417989
Продовольствие,20261006,20,step,cusum,0,504,1512,0.17131827148752596,0.19246031746031747,0.9345238095238095,0.9563492063492064,0.9583333333333334,0.7658730158730159,1.0,0.1884920634920635,0.9940476190476191,0.18386243386243387,0.2056878306878307,0.1111111111111111
Продовольствие,20261006,20,pulse,spike,0,504,1512,0.145914189508647,0.7420634920634921,0.7420634920634921,0.7420634920634921,0.7420634920634921,0.0,0.0,0.03968253968253968,0.7619047619047619,0.06018518518518518,0.06018518518518518,0.0006613756613756613
Продовольствие,20261006,20,pulse,rolling_3m,0,504,1512,0.11531587778744701,0.027777777777777776,0.041666666666666664,0.06547619047619048,0.06547619047619048,0.037698412698412696,1.0,0.02976190476190476,0.08531746031746032,0.04497354497354497,0.04563492063492063,0.0006613756613756613
Продовольствие,20261006,20,pulse,ewma,0,504,1512,0.07820066388899813,0.3611111111111111,0.37103174603174605,0.37103174603174605,0.375,0.013888888888888888,0.0,0.11904761904761904,0.4166666666666667,0.11574074074074074,0.11441798941798942,0.005291005291005291
Продовольствие,20261006,20,pulse,cusum,0,504,1512,0.17131827148752596,0.19246031746031747,0.23412698412698413,0.25396825396825395,0.2996031746031746,0.10714285714285714,0.0,0.1884920634920635,0.38492063492063494,0.18386243386243387,0.17857142857142858,0.015873015873015872
Продовольствие,20261006,20,ramp,spike,1,504,1512,0.145914189508647,0.001984126984126984,0.04563492063492063,0.17261904761904762,0.7043650793650794,0.7023809523809523,3.0,0.03968253968253968,0.7142857142857143,0.06018518518518518,0.062169312169312166,0.01984126984126984
Продовольствие,20261006,20,ramp,rolling_3m,1,504,1512,0.11531587778744701,0.001984126984126984,0.015873015873015872,0.0992063492063492,0.6865079365079365,0.6845238095238095,4.0,0.02976190476190476,0.6964285714285714,0.04497354497354497,0.05026455026455026,0.01521164021164021
Продовольствие,20261006,20,ramp,ewma,1,504,1512,0.07820066388899813,0.011904761904761904,0.07936507936507936,0.32142857142857145,0.8690476190476191,0.8571428571428571,3.0,0.11904761904761904,0.8968253968253969,0.11574074074074074,0.12169312169312169,0.04431216931216931
Продовольствие,20261006,20,ramp,cusum,1,504,1512,0.17131827148752596,0.021825396825396824,0.08134920634920635,0.3055555555555556,0.8591269841269841,0.8373015873015873,3.0,0.1884920634920635,0.9186507936507936,0.18386243386243387,0.20105820105820105,0.07671957671957672
Продовольствие,20261007,-20,step,spike,0,504,1512,0.145914189508647,0.9166666666666666,0.9702380952380952,0.9841269841269841,0.9880952380952381,0.07142857142857142,0.0,0.051587301587301584,0.9880952380952381,0.056216931216931214,0.057539682539682536,0.022486772486772486
Продовольствие,20261007,-20,step,rolling_3m,0,504,1512,0.11531587778744701,0.027777777777777776,0.8115079365079365,0.9821428571428571,0.9920634920634921,0.9642857142857143,1.0,0.03571428571428571,0.9940476190476191,0.04298941798941799,0.052248677248677246,0.021825396825396824
Продовольствие,20261007,-20,step,ewma,0,504,1512,0.07820066388899813,0.7837301587301587,0.9702380952380952,0.9821428571428571,0.9900793650793651,0.20634920634920634,0.0,0.125,1.0,0.11375661375661375,0.14153439153439154,0.08465608465608465
Продовольствие,20261007,-20,step,cusum,0,504,1512,0.17131827148752596,0.6964285714285714,0.9702380952380952,0.9742063492063492,0.9742063492063492,0.2777777777777778,0.0,0.20238095238095238,1.0,0.17923280423280424,0.23148148148148148,0.15145502645502645
Продовольствие,20261007,-20,pulse,spike,0,504,1512,0.145914189508647,0.9166666666666666,0.9166666666666666,0.9166666666666666,0.9166666666666666,0.0,0.0,0.051587301587301584,0.9384920634920635,0.056216931216931214,0.057539682539682536,0.001984126984126984
Продовольствие,20261007,-20,pulse,rolling_3m,0,504,1512,0.11531587778744701,0.027777777777777776,0.057539682539682536,0.0873015873015873,0.0873015873015873,0.05952380952380952,1.0,0.03571428571428571,0.10714285714285714,0.04298941798941799,0.04298941798941799,0.0033068783068783067
Продовольствие,20261007,-20,pulse,ewma,0,504,1512,0.07820066388899813,0.7837301587301587,0.7837301587301587,0.7857142857142857,0.7876984126984127,0.003968253968253968,0.0,0.125,0.8313492063492064,0.11375661375661375,0.11441798941798942,0.007936507936507936
Продовольствие,20261007,-20,pulse,cusum,0,504,1512,0.17131827148752596,0.6964285714285714,0.7023809523809523,0.7083333333333334,0.7142857142857143,0.017857142857142856,0.0,0.20238095238095238,0.7857142857142857,0.17923280423280424,0.18121693121693122,0.031084656084656083
Продовольствие,20261007,-20,ramp,spike,1,504,1512,0.145914189508647,0.007936507936507936,0.0496031746031746,0.18452380952380953,0.9027777777777778,0.8948412698412699,3.0,0.051587301587301584,0.9067460317460317,0.056216931216931214,0.056216931216931214,0.018518518518518517
Продовольствие,20261007,-20,ramp,rolling_3m,1,504,1512,0.11531587778744701,0.001984126984126984,0.01984126984126984,0.0873015873015873,0.8571428571428571,0.8551587301587301,3.0,0.03571428571428571,0.8650793650793651,0.04298941798941799,0.05291005291005291,0.01984126984126984
Продовольствие,20261007,-20,ramp,ewma,1,504,1512,0.07820066388899813,0.005952380952380952,0.07936507936507936,0.43452380952380953,0.9424603174603174,0.9365079365079365,3.0,0.125,0.9603174603174603,0.11375661375661375,0.13425925925925927,0.0701058201058201
Продовольствие,20261007,-20,ramp,cusum,1,504,1512,0.17131827148752596,0.007936507936507936,0.05357142857142857,0.36904761904761907,0.878968253968254,0.871031746031746,3.0,0.20238095238095238,0.9702380952380952,0.17923280423280424,0.21031746031746032,0.10582010582010581
Продовольствие,20261007,20,step,spike,0,504,1512,0.145914189508647,0.7599206349206349,0.878968253968254,0.9047619047619048,0.9444444444444444,0.18452380952380953,0.0,0.051587301587301584,0.9464285714285714,0.056216931216931214,0.056878306878306875,0.01455026455026455
Продовольствие,20261007,20,step,rolling_3m,0,504,1512,0.11531587778744701,0.025793650793650792,0.373015873015873,0.9384920634920635,0.9583333333333334,0.9325396825396826,2.0,0.03571428571428571,0.9623015873015873,0.04298941798941799,0.04894179894179894,0.01984126984126984
Продовольствие,20261007,20,step,ewma,0,504,1512,0.07820066388899813,0.36507936507936506,0.9285714285714286,0.9603174603174603,0.9821428571428571,0.6170634920634921,1.0,0.125,0.9920634920634921,0.11375661375661375,0.12037037037037036,0.05026455026455026
Продовольствие,20261007,20,step,cusum,0,504,1512,0.17131827148752596,0.2222222222222222,0.9404761904761905,0.9503968253968254,0.9523809523809523,0.7301587301587301,1.0,0.20238095238095238,0.996031746031746,0.17923280423280424,0.19775132275132276,0.0992063492063492
Продовольствие,20261007,20,pulse,spike,0,504,1512,0.145914189508647,0.7599206349206349,0.7599206349206349,0.7599206349206349,0.7599206349206349,0.0,0.0,0.051587301587301584,0.7857142857142857,0.056216931216931214,0.056216931216931214,0.0006613756613756613
Продовольствие,20261007,20,pulse,rolling_3m,0,504,1512,0.11531587778744701,0.025793650793650792,0.04563492063492063,0.06944444444444445,0.06944444444444445,0.04365079365079365,1.0,0.03571428571428571,0.08928571428571429,0.04298941798941799,0.04431216931216931,0.0013227513227513227
Продовольствие,20261007,20,pulse,ewma,0,504,1512,0.07820066388899813,0.36507936507936506,0.36904761904761907,0.36904761904761907,0.36904761904761907,0.003968253968253968,0.0,0.125,0.4166666666666667,0.11375661375661375,0.11177248677248677,0.005291005291005291
Продовольствие,20261007,20,pulse,cusum,0,504,1512,0.17131827148752596,0.2222222222222222,0.25992063492063494,0.2757936507936508,0.30753968253968256,0.08531746031746032,0.0,0.20238095238095238,0.39880952380952384,0.17923280423280424,0.1765873015873016,0.013227513227513227
Продовольствие,20261007,20,ramp,spike,1,504,1512,0.145914189508647,0.007936507936507936,0.047619047619047616,0.18452380952380953,0.7162698412698413,0.7083333333333334,3.0,0.051587301587301584,0.7242063492063492,0.056216931216931214,0.056878306878306875,0.013888888888888888
Продовольствие,20261007,20,ramp,rolling_3m,1,504,1512,0.11531587778744701,0.003968253968253968,0.025793650793650792,0.10714285714285714,0.7043650793650794,0.7003968253968254,4.0,0.03571428571428571,0.7123015873015873,0.04298941798941799,0.0496031746031746,0.016534391534391533
Продовольствие,20261007,20,ramp,ewma,1,504,1512,0.07820066388899813,0.013888888888888888,0.09126984126984126,0.32142857142857145,0.8591269841269841,0.8452380952380952,3.0,0.125,0.8908730158730159,0.11375661375661375,0.11772486772486772,0.03968253968253968
Продовольствие,20261007,20,ramp,cusum,1,504,1512,0.17131827148752596,0.011904761904761904,0.08134920634920635,0.30357142857142855,0.8492063492063492,0.8373015873015873,3.0,0.20238095238095238,0.9126984126984127,0.17923280423280424,0.1917989417989418,0.0701058201058201
Продовольствие,20261008,-20,step,spike,0,504,1512,0.145914189508647,0.9166666666666666,0.9722222222222222,0.9821428571428571,0.9900793650793651,0.07341269841269842,0.0,0.05357142857142857,0.9940476190476191,0.05555555555555555,0.056216931216931214,0.022486772486772486
Продовольствие,20261008,-20,step,rolling_3m,0,504,1512,0.11531587778744701,0.03571428571428571,0.8194444444444444,0.9781746031746031,0.9920634920634921,0.9563492063492064,1.0,0.04365079365079365,0.9940476190476191,0.04034391534391534,0.0496031746031746,0.022486772486772486
Продовольствие,20261008,-20,step,ewma,0,504,1512,0.07820066388899813,0.7817460317460317,0.9682539682539683,0.9781746031746031,0.9900793650793651,0.20833333333333334,0.0,0.1349206349206349,0.998015873015873,0.11044973544973545,0.13425925925925927,0.07804232804232804
Продовольствие,20261008,-20,step,cusum,0,504,1512,0.17131827148752596,0.6686507936507936,0.9642857142857143,0.9642857142857143,0.9682539682539683,0.2996031746031746,0.0,0.20238095238095238,1.0,0.17923280423280424,0.2275132275132275,0.1421957671957672
Продовольствие,20261008,-20,pulse,spike,0,504,1512,0.145914189508647,0.9166666666666666,0.9166666666666666,0.9166666666666666,0.9166666666666666,0.0,0.0,0.05357142857142857,0.9384920634920635,0.05555555555555555,0.057539682539682536,0.0026455026455026454
Продовольствие,20261008,-20,pulse,rolling_3m,0,504,1512,0.11531587778744701,0.03571428571428571,0.07142857142857142,0.09325396825396826,0.09325396825396826,0.057539682539682536,1.0,0.04365079365079365,0.1130952380952381,0.04034391534391534,0.03968253968253968,0.0033068783068783067
Продовольствие,20261008,-20,pulse,ewma,0,504,1512,0.07820066388899813,0.7817460317460317,0.7817460317460317,0.7837301587301587,0.7876984126984127,0.005952380952380952,0.0,0.1349206349206349,0.8273809523809523,0.11044973544973545,0.10912698412698413,0.007275132275132275
Продовольствие,20261008,-20,pulse,cusum,0,504,1512,0.17131827148752596,0.6686507936507936,0.6805555555555556,0.6845238095238095,0.6964285714285714,0.027777777777777776,0.0,0.20238095238095238,0.7738095238095238,0.17923280423280424,0.1832010582010582,0.03505291005291005
Продовольствие,20261008,-20,ramp,spike,1,504,1512,0.145914189508647,0.00992063492063492,0.04563492063492063,0.22023809523809523,0.8849206349206349,0.875,3.0,0.05357142857142857,0.8908730158730159,0.05555555555555555,0.056878306878306875,0.01984126984126984
Продовольствие,20261008,-20,ramp,rolling_3m,1,504,1512,0.11531587778744701,0.001984126984126984,0.01984126984126984,0.09126984126984126,0.8452380952380952,0.8432539682539683,3.0,0.04365079365079365,0.8511904761904762,0.04034391534391534,0.05092592592592592,0.021164021164021163
Продовольствие,20261008,-20,ramp,ewma,1,504,1512,0.07820066388899813,0.003968253968253968,0.06349206349206349,0.4305555555555556,0.9384920634920635,0.9345238095238095,3.0,0.1349206349206349,0.9603174603174603,0.11044973544973545,0.12896825396825398,0.06481481481481481
Продовольствие,20261008,-20,ramp,cusum,1,504,1512,0.17131827148752596,0.005952380952380952,0.05952380952380952,0.3888888888888889,0.8829365079365079,0.876984126984127,3.0,0.20238095238095238,0.9682539682539683,0.17923280423280424,0.21494708994708994,0.10582010582010581
Продовольствие,20261008,20,step,spike,0,504,1512,0.145914189508647,0.7420634920634921,0.8531746031746031,0.8869047619047619,0.9384920634920635,0.19642857142857142,0.0,0.05357142857142857,0.9424603174603174,0.05555555555555555,0.056878306878306875,0.015873015873015872
Продовольствие,20261008,20,step,rolling_3m,0,504,1512,0.11531587778744701,0.03373015873015873,0.39880952380952384,0.9365079365079365,0.9603174603174603,0.9265873015873016,2.0,0.04365079365079365,0.9662698412698413,0.04034391534391534,0.046296296296296294,0.016534391534391533
Продовольствие,20261008,20,step,ewma,0,504,1512,0.07820066388899813,0.3948412698412698,0.9226190476190477,0.9603174603174603,0.9821428571428571,0.5873015873015873,1.0,0.1349206349206349,0.9880952380952381,0.11044973544973545,0.11970899470899471,0.056878306878306875
Продовольствие,20261008,20,step,cusum,0,504,1512,0.17131827148752596,0.21428571428571427,0.9325396825396826,0.9563492063492064,0.9563492063492064,0.7420634920634921,1.0,0.20238095238095238,0.998015873015873,0.17923280423280424,0.1917989417989418,0.10251322751322751
Продовольствие,20261008,20,pulse,spike,0,504,1512,0.145914189508647,0.7420634920634921,0.7420634920634921,0.7420634920634921,0.7420634920634921,0.0,0.0,0.05357142857142857,0.7638888888888888,0.05555555555555555,0.05555555555555555,0.0
Продовольствие,20261008,20,pulse,rolling_3m,0,504,1512,0.11531587778744701,0.03373015873015873,0.04365079365079365,0.07341269841269842,0.07341269841269842,0.03968253968253968,1.0,0.04365079365079365,0.10119047619047619,0.04034391534391534,0.041666666666666664,0.0013227513227513227
Продовольствие,20261008,20,pulse,ewma,0,504,1512,0.07820066388899813,0.3948412698412698,0.40476190476190477,0.40476190476190477,0.40476190476190477,0.00992063492063492,0.0,0.1349206349206349,0.45634920634920634,0.11044973544973545,0.10978835978835978,0.005952380952380952
Продовольствие,20261008,20,pulse,cusum,0,504,1512,0.17131827148752596,0.21428571428571427,0.24603174603174602,0.2757936507936508,0.3194444444444444,0.10515873015873016,0.0,0.20238095238095238,0.39880952380952384,0.17923280423280424,0.17261904761904762,0.01455026455026455
Продовольствие,20261008,20,ramp,spike,1,504,1512,0.145914189508647,0.003968253968253968,0.04365079365079365,0.18055555555555555,0.7380952380952381,0.7341269841269841,3.0,0.05357142857142857,0.748015873015873,0.05555555555555555,0.056216931216931214,0.01455026455026455
Продовольствие,20261008,20,ramp,rolling_3m,1,504,1512,0.11531587778744701,0.0,0.015873015873015872,0.09325396825396826,0.6865079365079365,0.6865079365079365,3.0,0.04365079365079365,0.7043650793650794,0.04034391534391534,0.046957671957671955,0.01455026455026455
Продовольствие,20261008,20,ramp,ewma,1,504,1512,0.07820066388899813,0.007936507936507936,0.06944444444444445,0.3412698412698413,0.8670634920634921,0.8591269841269841,3.0,0.1349206349206349,0.8948412698412699,0.11044973544973545,0.1164021164021164,0.04365079365079365
Продовольствие,20261008,20,ramp,cusum,1,504,1512,0.17131827148752596,0.00992063492063492,0.05555555555555555,0.3134920634920635,0.8412698412698413,0.8313492063492064,3.0,0.20238095238095238,0.9186507936507936,0.17923280423280424,0.18915343915343916,0.06944444444444445
Продовольствие,20261009,-20,step,spike,0,504,1512,0.145914189508647,0.9325396825396826,0.9682539682539683,0.9761904761904762,0.9821428571428571,0.0496031746031746,0.0,0.061507936507936505,0.9880952380952381,0.05291005291005291,0.05555555555555555,0.02447089947089947
Продовольствие,20261009,-20,step,rolling_3m,0,504,1512,0.11531587778744701,0.027777777777777776,0.8015873015873016,0.9821428571428571,0.9861111111111112,0.9583333333333334,1.0,0.04563492063492063,0.996031746031746,0.03968253968253968,0.052248677248677246,0.023809523809523808
Продовольствие,20261009,-20,step,ewma,0,504,1512,0.07820066388899813,0.7638888888888888,0.9761904761904762,0.9821428571428571,0.9841269841269841,0.22023809523809523,0.0,0.1111111111111111,0.996031746031746,0.11838624338624339,0.13624338624338625,0.07738095238095238
Продовольствие,20261009,-20,step,cusum,0,504,1512,0.17131827148752596,0.6666666666666666,0.9781746031746031,0.9781746031746031,0.9781746031746031,0.3115079365079365,0.0,0.20436507936507936,0.998015873015873,0.17857142857142858,0.22156084656084657,0.1388888888888889
Продовольствие,20261009,-20,pulse,spike,0,504,1512,0.145914189508647,0.9325396825396826,0.9325396825396826,0.9325396825396826,0.9325396825396826,0.0,0.0,0.061507936507936505,0.9563492063492064,0.05291005291005291,0.05555555555555555,0.0033068783068783067
Продовольствие,20261009,-20,pulse,rolling_3m,0,504,1512,0.11531587778744701,0.027777777777777776,0.06944444444444445,0.09126984126984126,0.09126984126984126,0.06349206349206349,1.0,0.04563492063492063,0.11904761904761904,0.03968253968253968,0.03968253968253968,0.0026455026455026454
Продовольствие,20261009,-20,pulse,ewma,0,504,1512,0.07820066388899813,0.7638888888888888,0.7658730158730159,0.7658730158730159,0.7658730158730159,0.001984126984126984,0.0,0.1111111111111111,0.8055555555555556,0.11838624338624339,0.11772486772486772,0.011243386243386243
Продовольствие,20261009,-20,pulse,cusum,0,504,1512,0.17131827148752596,0.6666666666666666,0.6825396825396826,0.6904761904761905,0.6944444444444444,0.027777777777777776,0.0,0.20436507936507936,0.7579365079365079,0.17857142857142858,0.1779100529100529,0.031084656084656083
Продовольствие,20261009,-20,ramp,spike,1,504,1512,0.145914189508647,0.001984126984126984,0.04365079365079365,0.2222222222222222,0.876984126984127,0.875,3.0,0.061507936507936505,0.8928571428571429,0.05291005291005291,0.05423280423280423,0.01984126984126984
Продовольствие,20261009,-20,ramp,rolling_3m,1,504,1512,0.11531587778744701,0.001984126984126984,0.01984126984126984,0.10515873015873016,0.8134920634920635,0.8115079365079365,3.0,0.04563492063492063,0.8273809523809523,0.03968253968253968,0.052248677248677246,0.022486772486772486
Продовольствие,20261009,-20,ramp,ewma,1,504,1512,0.07820066388899813,0.003968253968253968,0.07539682539682539,0.42658730158730157,0.9444444444444444,0.9404761904761905,3.0,0.1111111111111111,0.9742063492063492,0.11838624338624339,0.12896825396825398,0.06283068783068783
Продовольствие,20261009,-20,ramp,cusum,1,504,1512,0.17131827148752596,0.003968253968253968,0.06349206349206349,0.39285714285714285,0.876984126984127,0.873015873015873,3.0,0.20436507936507936,0.9781746031746031,0.17857142857142858,0.20833333333333334,0.09457671957671958
Продовольствие,20261009,20,step,spike,0,504,1512,0.145914189508647,0.7182539682539683,0.8472222222222222,0.8849206349206349,0.9305555555555556,0.2123015873015873,0.0,0.061507936507936505,0.9365079365079365,0.05291005291005291,0.05489417989417989,0.018518518518518517
Продовольствие,20261009,20,step,rolling_3m,0,504,1512,0.11531587778744701,0.01984126984126984,0.3888888888888889,0.9305555555555556,0.9543650793650794,0.9345238095238095,2.0,0.04563492063492063,0.9642857142857143,0.03968253968253968,0.046957671957671955,0.021825396825396824
Продовольствие,20261009,20,step,ewma,0,504,1512,0.07820066388899813,0.376984126984127,0.9007936507936508,0.9523809523809523,0.9682539682539683,0.5912698412698413,1.0,0.1111111111111111,0.9861111111111112,0.11838624338624339,0.12367724867724868,0.056878306878306875
Продовольствие,20261009,20,step,cusum,0,504,1512,0.17131827148752596,0.2400793650793651,0.9345238095238095,0.9503968253968254,0.9503968253968254,0.7103174603174603,1.0,0.20436507936507936,0.996031746031746,0.17857142857142858,0.19775132275132276,0.10714285714285714
Продовольствие,20261009,20,pulse,spike,0,504,1512,0.145914189508647,0.7182539682539683,0.7182539682539683,0.7182539682539683,0.7182539682539683,0.0,0.0,0.061507936507936505,0.7599206349206349,0.05291005291005291,0.05291005291005291,0.0006613756613756613
Продовольствие,20261009,20,pulse,rolling_3m,0,504,1512,0.11531587778744701,0.01984126984126984,0.037698412698412696,0.05555555555555555,0.05555555555555555,0.03571428571428571,1.0,0.04563492063492063,0.0873015873015873,0.03968253968253968,0.041005291005291,0.0013227513227513227
Продовольствие,20261009,20,pulse,ewma,0,504,1512,0.07820066388899813,0.376984126984127,0.38095238095238093,0.38095238095238093,0.3888888888888889,0.011904761904761904,0.0,0.1111111111111111,0.4444444444444444,0.11838624338624339,0.11772486772486772,0.005952380952380952
Продовольствие,20261009,20,pulse,cusum,0,504,1512,0.17131827148752596,0.2400793650793651,0.27380952380952384,0.2976190476190476,0.33134920634920634,0.09126984126984126,0.0,0.20436507936507936,0.4146825396825397,0.17857142857142858,0.1765873015873016,0.01521164021164021
Продовольствие,20261009,20,ramp,spike,1,504,1512,0.145914189508647,0.001984126984126984,0.037698412698412696,0.1865079365079365,0.6785714285714286,0.6765873015873016,3.0,0.061507936507936505,0.6964285714285714,0.05291005291005291,0.056216931216931214,0.017195767195767195
Продовольствие,20261009,20,ramp,rolling_3m,1,504,1512,0.11531587778744701,0.003968253968253968,0.015873015873015872,0.1111111111111111,0.6666666666666666,0.6626984126984127,4.0,0.04563492063492063,0.6825396825396826,0.03968253968253968,0.04828042328042328,0.017857142857142856
Продовольствие,20261009,20,ramp,ewma,1,504,1512,0.07820066388899813,0.005952380952380952,0.08134920634920635,0.3392857142857143,0.8591269841269841,0.8531746031746031,3.0,0.1111111111111111,0.8888888888888888,0.11838624338624339,0.12301587301587301,0.047619047619047616
Продовольствие,20261009,20,ramp,cusum,1,504,1512,0.17131827148752596,0.015873015873015872,0.07341269841269842,0.31746031746031744,0.8432539682539683,0.8273809523809523,3.0,0.20436507936507936,0.9087301587301587,0.17857142857142858,0.19642857142857142,0.07407407407407407
Продовольствие,20261010,-20,step,spike,0,504,1512,0.145914189508647,0.9384920634920635,0.9702380952380952,0.9841269841269841,0.9880952380952381,0.0496031746031746,0.0,0.051587301587301584,0.9900793650793651,0.056216931216931214,0.057539682539682536,0.021825396825396824
Продовольствие,20261010,-20,step,rolling_3m,0,504,1512,0.11531587778744701,0.01984126984126984,0.7976190476190477,0.9821428571428571,0.9900793650793651,0.9702380952380952,1.0,0.041666666666666664,0.9920634920634921,0.041005291005291,0.05026455026455026,0.01984126984126984
Продовольствие,20261010,-20,step,ewma,0,504,1512,0.07820066388899813,0.7678571428571429,0.9761904761904762,0.9861111111111112,0.9900793650793651,0.2222222222222222,0.0,0.13293650793650794,0.996031746031746,0.1111111111111111,0.13756613756613756,0.0787037037037037
Продовольствие,20261010,-20,step,cusum,0,504,1512,0.17131827148752596,0.6587301587301587,0.9702380952380952,0.9722222222222222,0.9761904761904762,0.31746031746031744,0.0,0.1884920634920635,1.0,0.18386243386243387,0.22883597883597884,0.14616402116402116
Продовольствие,20261010,-20,pulse,spike,0,504,1512,0.145914189508647,0.9384920634920635,0.9384920634920635,0.9384920634920635,0.9384920634920635,0.0,0.0,0.051587301587301584,0.9603174603174603,0.056216931216931214,0.05886243386243386,0.0033068783068783067
Продовольствие,20261010,-20,pulse,rolling_3m,0,504,1512,0.11531587778744701,0.01984126984126984,0.04365079365079365,0.07738095238095238,0.07738095238095238,0.057539682539682536,1.0,0.041666666666666664,0.10317460317460317,0.041005291005291,0.04034391534391534,0.0026455026455026454
Продовольствие,20261010,-20,pulse,ewma,0,504,1512,0.07820066388899813,0.7678571428571429,0.7698412698412699,0.7738095238095238,0.7738095238095238,0.005952380952380952,0.0,0.13293650793650794,0.8154761904761905,0.1111111111111111,0.10978835978835978,0.010582010582010581
Продовольствие,20261010,-20,pulse,cusum,0,504,1512,0.17131827148752596,0.6587301587301587,0.6746031746031746,0.6805555555555556,0.6924603174603174,0.03373015873015873,0.0,0.1884920634920635,0.7658730158730159,0.18386243386243387,0.18716931216931218,0.03373015873015873
Продовольствие,20261010,-20,ramp,spike,1,504,1512,0.145914189508647,0.005952380952380952,0.04365079365079365,0.2003968253968254,0.8948412698412699,0.8888888888888888,3.0,0.051587301587301584,0.8988095238095238,0.056216931216931214,0.05489417989417989,0.017857142857142856
Продовольствие,20261010,-20,ramp,rolling_3m,1,504,1512,0.11531587778744701,0.001984126984126984,0.015873015873015872,0.09325396825396826,0.8511904761904762,0.8492063492063492,3.0,0.041666666666666664,0.8571428571428571,0.041005291005291,0.0496031746031746,0.017857142857142856
Продовольствие,20261010,-20,ramp,ewma,1,504,1512,0.07820066388899813,0.001984126984126984,0.06944444444444445,0.44246031746031744,0.9325396825396826,0.9305555555555556,3.0,0.13293650793650794,0.9503968253968254,0.1111111111111111,0.13161375661375663,0.06613756613756613
Продовольствие,20261010,-20,ramp,cusum,1,504,1512,0.17131827148752596,0.003968253968253968,0.05555555555555555,0.40476190476190477,0.8849206349206349,0.8809523809523809,3.0,0.1884920634920635,0.9603174603174603,0.18386243386243387,0.2156084656084656,0.10383597883597884
Продовольствие,20261010,20,step,spike,0,504,1512,0.145914189508647,0.7638888888888888,0.8829365079365079,0.9107142857142857,0.9503968253968254,0.1865079365079365,0.0,0.051587301587301584,0.9503968253968254,0.056216931216931214,0.056216931216931214,0.015873015873015872
Продовольствие,20261010,20,step,rolling_3m,0,504,1512,0.11531587778744701,0.021825396825396824,0.4146825396825397,0.9444444444444444,0.9642857142857143,0.9424603174603174,2.0,0.041666666666666664,0.9662698412698413,0.041005291005291,0.047619047619047616,0.018518518518518517
Продовольствие,20261010,20,step,ewma,0,504,1512,0.07820066388899813,0.42063492063492064,0.9404761904761905,0.9682539682539683,0.9841269841269841,0.5634920634920635,1.0,0.13293650793650794,0.9920634920634921,0.1111111111111111,0.12103174603174603,0.056878306878306875
Продовольствие,20261010,20,step,cusum,0,504,1512,0.17131827148752596,0.23015873015873015,0.9464285714285714,0.9603174603174603,0.9623015873015873,0.7321428571428571,1.0,0.1884920634920635,0.998015873015873,0.18386243386243387,0.2003968253968254,0.1078042328042328
Продовольствие,20261010,20,pulse,spike,0,504,1512,0.145914189508647,0.7638888888888888,0.7638888888888888,0.7638888888888888,0.7638888888888888,0.0,0.0,0.051587301587301584,0.7837301587301587,0.056216931216931214,0.056216931216931214,0.0006613756613756613
Продовольствие,20261010,20,pulse,rolling_3m,0,504,1512,0.11531587778744701,0.021825396825396824,0.041666666666666664,0.07142857142857142,0.07142857142857142,0.0496031746031746,1.0,0.041666666666666664,0.09126984126984126,0.041005291005291,0.041666666666666664,0.0006613756613756613
Продовольствие,20261010,20,pulse,ewma,0,504,1512,0.07820066388899813,0.42063492063492064,0.4305555555555556,0.4305555555555556,0.4365079365079365,0.015873015873015872,0.0,0.13293650793650794,0.48214285714285715,0.1111111111111111,0.10978835978835978,0.006613756613756613
Продовольствие,20261010,20,pulse,cusum,0,504,1512,0.17131827148752596,0.23015873015873015,0.25595238095238093,0.2757936507936508,0.31547619047619047,0.08531746031746032,0.0,0.1884920634920635,0.3968253968253968,0.18386243386243387,0.17923280423280424,0.017195767195767195
Продовольствие,20261010,20,ramp,spike,1,504,1512,0.145914189508647,0.007936507936507936,0.047619047619047616,0.1884920634920635,0.7083333333333334,0.7003968253968254,3.0,0.051587301587301584,0.7142857142857143,0.056216931216931214,0.056878306878306875,0.01455026455026455
Продовольствие,20261010,20,ramp,rolling_3m,1,504,1512,0.11531587778744701,0.001984126984126984,0.01984126984126984,0.1111111111111111,0.6944444444444444,0.6924603174603174,4.0,0.041666666666666664,0.7043650793650794,0.041005291005291,0.047619047619047616,0.01455026455026455
Продовольствие,20261010,20,ramp,ewma,1,504,1512,0.07820066388899813,0.00992063492063492,0.07936507936507936,0.3194444444444444,0.873015873015873,0.8630952380952381,3.0,0.13293650793650794,0.8928571428571429,0.1111111111111111,0.11904761904761904,0.046296296296296294
Продовольствие,20261010,20,ramp,cusum,1,504,1512,0.17131827148752596,0.005952380952380952,0.07539682539682539,0.30357142857142855,0.8630952380952381,0.8571428571428571,3.0,0.1884920634920635,0.9107142857142857,0.18386243386243387,0.19775132275132276,0.07473544973544974
Транспорт,20261001,-20,step,spike,0,504,1512,0.4604638486434765,0.00992063492063492,0.017857142857142856,0.03373015873015873,0.061507936507936505,0.051587301587301584,2.0,0.037698412698412696,0.07142857142857142,0.0291005291005291,0.036375661375661374,0.013888888888888888
Транспорт,20261001,-20,step,rolling_3m,0,504,1512,0.34371627920616393,0.001984126984126984,0.011904761904761904,0.041666666666666664,0.1111111111111111,0.10912698412698413,3.0,0.047619047619047616,0.11706349206349206,0.042328042328042326,0.052248677248677246,0.026455026455026454
Транспорт,20261001,-20,step,ewma,0,504,1512,0.23888754062546472,0.011904761904761904,0.061507936507936505,0.1626984126984127,0.4027777777777778,0.39087301587301587,3.0,0.1130952380952381,0.4246031746031746,0.11375661375661375,0.13161375661375663,0.06481481481481481
Транспорт,20261001,-20,step,cusum,0,504,1512,0.726956805704457,0.011904761904761904,0.05952380952380952,0.28174603174603174,0.6507936507936508,0.6388888888888888,3.0,0.25793650793650796,0.6944444444444444,0.25992063492063494,0.26851851851851855,0.12896825396825398
Транспорт,20261001,-20,pulse,spike,0,504,1512,0.4604638486434765,0.00992063492063492,0.00992063492063492,0.00992063492063492,0.00992063492063492,0.0,0.0,0.037698412698412696,0.04563492063492063,0.0291005291005291,0.02976190476190476,0.0033068783068783067
Транспорт,20261001,-20,pulse,rolling_3m,0,504,1512,0.34371627920616393,0.001984126984126984,0.001984126984126984,0.003968253968253968,0.003968253968253968,0.001984126984126984,1.0,0.047619047619047616,0.047619047619047616,0.042328042328042326,0.042328042328042326,0.0026455026455026454
Транспорт,20261001,-20,pulse,ewma,0,504,1512,0.23888754062546472,0.011904761904761904,0.015873015873015872,0.01984126984126984,0.021825396825396824,0.00992063492063492,0.0,0.1130952380952381,0.10317460317460317,0.11375661375661375,0.1130952380952381,0.01455026455026455
Транспорт,20261001,-20,pulse,cusum,0,504,1512,0.726956805704457,0.011904761904761904,0.023809523809523808,0.041666666666666664,0.1388888888888889,0.12698412698412698,4.0,0.25793650793650796,0.29365079365079366,0.25992063492063494,0.25925925925925924,0.046296296296296294
Транспорт,20261001,-20,ramp,spike,1,504,1512,0.4604638486434765,0.0,0.0,0.005952380952380952,0.027777777777777776,0.027777777777777776,4.0,0.037698412698412696,0.04365079365079365,0.0291005291005291,0.03505291005291005,0.00992063492063492
Транспорт,20261001,-20,ramp,rolling_3m,1,504,1512,0.34371627920616393,0.0,0.0,0.005952380952380952,0.04365079365079365,0.04365079365079365,4.0,0.047619047619047616,0.06349206349206349,0.042328042328042326,0.05026455026455026,0.01917989417989418
Транспорт,20261001,-20,ramp,ewma,1,504,1512,0.23888754062546472,0.001984126984126984,0.00992063492063492,0.04365079365079365,0.1884920634920635,0.1865079365079365,4.0,0.1130952380952381,0.2361111111111111,0.11375661375661375,0.12896825396825398,0.047619047619047616
Транспорт,20261001,-20,ramp,cusum,1,504,1512,0.726956805704457,0.0,0.007936507936507936,0.041666666666666664,0.34325396825396826,0.34325396825396826,4.0,0.25793650793650796,0.49206349206349204,0.25992063492063494,0.2585978835978836,0.05092592592592592
Транспорт,20261001,20,step,spike,0,504,1512,0.4604638486434765,0.011904761904761904,0.031746031746031744,0.05952380952380952,0.11507936507936507,0.10317460317460317,2.0,0.037698412698412696,0.12301587301587301,0.0291005291005291,0.027116402116402115,0.0033068783068783067
Транспорт,20261001,20,step,rolling_3m,0,504,1512,0.34371627920616393,0.003968253968253968,0.027777777777777776,0.09722222222222222,0.15674603174603174,0.1527777777777778,2.0,0.047619047619047616,0.16666666666666666,0.042328042328042326,0.03439153439153439,0.004629629629629629
Транспорт,20261001,20,step,ewma,0,504,1512,0.23888754062546472,0.027777777777777776,0.10714285714285714,0.17063492063492064,0.30952380952380953,0.28174603174603174,2.0,0.1130952380952381,0.33134920634920634,0.11375661375661375,0.10846560846560846,0.025793650793650792
Транспорт,20261001,20,step,cusum,0,504,1512,0.726956805704457,0.021825396825396824,0.08928571428571429,0.2123015873015873,0.4861111111111111,0.4642857142857143,3.0,0.25793650793650796,0.5317460317460317,0.25992063492063494,0.27645502645502645,0.08796296296296297
Транспорт,20261001,20,pulse,spike,0,504,1512,0.4604638486434765,0.011904761904761904,0.011904761904761904,0.011904761904761904,0.011904761904761904,0.0,0.0,0.037698412698412696,0.04365079365079365,0.0291005291005291,0.02976190476190476,0.0006613756613756613
Транспорт,20261001,20,pulse,rolling_3m,0,504,1512,0.34371627920616393,0.003968253968253968,0.007936507936507936,0.015873015873015872,0.015873015873015872,0.011904761904761904,1.5,0.047619047619047616,0.051587301587301584,0.042328042328042326,0.042328042328042326,0.0
Транспорт,20261001,20,pulse,ewma,0,504,1512,0.23888754062546472,0.027777777777777776,0.041666666666666664,0.0496031746031746,0.05357142857142857,0.025793650793650792,0.0,0.1130952380952381,0.1349206349206349,0.11375661375661375,0.11441798941798942,0.0026455026455026454
Транспорт,20261001,20,pulse,cusum,0,504,1512,0.726956805704457,0.021825396825396824,0.04365079365079365,0.07936507936507936,0.17063492063492064,0.1488095238095238,3.0,0.25793650793650796,0.29365079365079366,0.25992063492063494,0.25727513227513227,0.013888888888888888
Транспорт,20261001,20,ramp,spike,1,504,1512,0.4604638486434765,0.001984126984126984,0.007936507936507936,0.017857142857142856,0.06349206349206349,0.061507936507936505,3.0,0.037698412698412696,0.08134920634920635,0.0291005291005291,0.025793650793650792,0.0013227513227513227
Транспорт,20261001,20,ramp,rolling_3m,1,504,1512,0.34371627920616393,0.0,0.005952380952380952,0.017857142857142856,0.07341269841269842,0.07341269841269842,3.0,0.047619047619047616,0.09722222222222222,0.042328042328042326,0.03835978835978836,0.001984126984126984
Транспорт,20261001,20,ramp,ewma,1,504,1512,0.23888754062546472,0.001984126984126984,0.027777777777777776,0.06746031746031746,0.18253968253968253,0.18055555555555555,3.0,0.1130952380952381,0.2361111111111111,0.11375661375661375,0.1111111111111111,0.01455026455026455
Транспорт,20261001,20,ramp,cusum,1,504,1512,0.726956805704457,0.007936507936507936,0.03373015873015873,0.07142857142857142,0.24206349206349206,0.23412698412698413,3.0,0.25793650793650796,0.36507936507936506,0.25992063492063494,0.26521164021164023,0.042328042328042326
Транспорт,20261002,-20,step,spike,0,504,1512,0.4604638486434765,0.007936507936507936,0.021825396825396824,0.03373015873015873,0.05952380952380952,0.051587301587301584,2.0,0.025793650793650792,0.06746031746031746,0.03306878306878307,0.041005291005291,0.01455026455026455
Транспорт,20261002,-20,step,rolling_3m,0,504,1512,0.34371627920616393,0.001984126984126984,0.013888888888888888,0.047619047619047616,0.10317460317460317,0.10119047619047619,3.0,0.04365079365079365,0.1111111111111111,0.04365079365079365,0.05423280423280423,0.028439153439153438
Транспорт,20261002,-20,step,ewma,0,504,1512,0.23888754062546472,0.00992063492063492,0.07539682539682539,0.16666666666666666,0.38095238095238093,0.37103174603174605,3.0,0.1130952380952381,0.3968253968253968,0.11375661375661375,0.13690476190476192,0.0701058201058201
Транспорт,20261002,-20,step,cusum,0,504,1512,0.726956805704457,0.003968253968253968,0.051587301587301584,0.2777777777777778,0.6666666666666666,0.6626984126984127,3.0,0.25595238095238093,0.7083333333333334,0.2605820105820106,0.2757936507936508,0.1388888888888889
Транспорт,20261002,-20,pulse,spike,0,504,1512,0.4604638486434765,0.007936507936507936,0.007936507936507936,0.007936507936507936,0.007936507936507936,0.0,0.0,0.025793650793650792,0.03373015873015873,0.03306878306878307,0.03439153439153439,0.0033068783068783067
Транспорт,20261002,-20,pulse,rolling_3m,0,504,1512,0.34371627920616393,0.001984126984126984,0.003968253968253968,0.005952380952380952,0.005952380952380952,0.003968253968253968,1.0,0.04365079365079365,0.041666666666666664,0.04365079365079365,0.04365079365079365,0.0033068783068783067
Транспорт,20261002,-20,pulse,ewma,0,504,1512,0.23888754062546472,0.00992063492063492,0.015873015873015872,0.01984126984126984,0.023809523809523808,0.013888888888888888,1.0,0.1130952380952381,0.10714285714285714,0.11375661375661375,0.11507936507936507,0.013227513227513227
Транспорт,20261002,-20,pulse,cusum,0,504,1512,0.726956805704457,0.003968253968253968,0.017857142857142856,0.037698412698412696,0.12103174603174603,0.11706349206349206,4.0,0.25595238095238093,0.2837301587301587,0.2605820105820106,0.2619047619047619,0.051587301587301584
Транспорт,20261002,-20,ramp,spike,1,504,1512,0.4604638486434765,0.0,0.001984126984126984,0.005952380952380952,0.027777777777777776,0.027777777777777776,3.0,0.025793650793650792,0.037698412698412696,0.03306878306878307,0.03902116402116402,0.010582010582010581
Транспорт,20261002,-20,ramp,rolling_3m,1,504,1512,0.34371627920616393,0.0,0.001984126984126984,0.007936507936507936,0.03968253968253968,0.03968253968253968,4.0,0.04365079365079365,0.05357142857142857,0.04365079365079365,0.052248677248677246,0.0205026455026455
Транспорт,20261002,-20,ramp,ewma,1,504,1512,0.23888754062546472,0.003968253968253968,0.011904761904761904,0.03571428571428571,0.16468253968253968,0.16071428571428573,4.0,0.1130952380952381,0.2123015873015873,0.11375661375661375,0.13293650793650794,0.047619047619047616
Транспорт,20261002,-20,ramp,cusum,1,504,1512,0.726956805704457,0.001984126984126984,0.00992063492063492,0.03571428571428571,0.34523809523809523,0.34325396825396826,4.0,0.25595238095238093,0.48214285714285715,0.2605820105820106,0.2671957671957672,0.05952380952380952
Транспорт,20261002,20,step,spike,0,504,1512,0.4604638486434765,0.023809523809523808,0.037698412698412696,0.051587301587301584,0.10912698412698413,0.08531746031746032,3.0,0.025793650793650792,0.11706349206349206,0.03306878306878307,0.031084656084656083,0.0026455026455026454
Транспорт,20261002,20,step,rolling_3m,0,504,1512,0.34371627920616393,0.003968253968253968,0.027777777777777776,0.08928571428571429,0.16666666666666666,0.1626984126984127,2.0,0.04365079365079365,0.17261904761904762,0.04365079365079365,0.03571428571428571,0.003968253968253968
Транспорт,20261002,20,step,ewma,0,504,1512,0.23888754062546472,0.03373015873015873,0.0992063492063492,0.1765873015873016,0.2916666666666667,0.25793650793650796,2.0,0.1130952380952381,0.30952380952380953,0.11375661375661375,0.10317460317460317,0.01917989417989418
Транспорт,20261002,20,step,cusum,0,504,1512,0.726956805704457,0.025793650793650792,0.08928571428571429,0.2123015873015873,0.4861111111111111,0.4603174603174603,3.0,0.25595238095238093,0.5277777777777778,0.2605820105820106,0.2751322751322751,0.07936507936507936
Транспорт,20261002,20,pulse,spike,0,504,1512,0.4604638486434765,0.023809523809523808,0.023809523809523808,0.023809523809523808,0.023809523809523808,0.0,0.0,0.025793650793650792,0.04365079365079365,0.03306878306878307,0.03373015873015873,0.0006613756613756613
Транспорт,20261002,20,pulse,rolling_3m,0,504,1512,0.34371627920616393,0.003968253968253968,0.007936507936507936,0.015873015873015872,0.015873015873015872,0.011904761904761904,1.5,0.04365079365079365,0.047619047619047616,0.04365079365079365,0.04365079365079365,0.0
Транспорт,20261002,20,pulse,ewma,0,504,1512,0.23888754062546472,0.03373015873015873,0.041666666666666664,0.051587301587301584,0.061507936507936505,0.027777777777777776,0.0,0.1130952380952381,0.12896825396825398,0.11375661375661375,0.11375661375661375,0.0006613756613756613
Транспорт,20261002,20,pulse,cusum,0,504,1512,0.726956805704457,0.025793650793650792,0.05555555555555555,0.08134920634920635,0.16865079365079366,0.14285714285714285,3.0,0.25595238095238093,0.2837301587301587,0.2605820105820106,0.2566137566137566,0.013227513227513227
Транспорт,20261002,20,ramp,spike,1,504,1512,0.4604638486434765,0.005952380952380952,0.00992063492063492,0.03571428571428571,0.06547619047619048,0.05952380952380952,2.0,0.025793650793650792,0.07341269841269842,0.03306878306878307,0.02976190476190476,0.0006613756613756613
Транспорт,20261002,20,ramp,rolling_3m,1,504,1512,0.34371627920616393,0.0,0.005952380952380952,0.023809523809523808,0.07539682539682539,0.07539682539682539,3.0,0.04365079365079365,0.09523809523809523,0.04365079365079365,0.03968253968253968,0.0013227513227513227
Транспорт,20261002,20,ramp,ewma,1,504,1512,0.23888754062546472,0.0,0.03571428571428571,0.07341269841269842,0.18253968253968253,0.18253968253968253,3.0,0.1130952380952381,0.23015873015873015,0.11375661375661375,0.10714285714285714,0.011904761904761904
Транспорт,20261002,20,ramp,cusum,1,504,1512,0.726956805704457,0.005952380952380952,0.01984126984126984,0.057539682539682536,0.20833333333333334,0.20238095238095238,3.0,0.25595238095238093,0.3412698412698413,0.2605820105820106,0.26256613756613756,0.03571428571428571
Транспорт,20261003,-20,step,spike,0,504,1512,0.4604638486434765,0.003968253968253968,0.007936507936507936,0.021825396825396824,0.04563492063492063,0.041666666666666664,3.0,0.027777777777777776,0.05357142857142857,0.032407407407407406,0.04298941798941799,0.017857142857142856
Транспорт,20261003,-20,step,rolling_3m,0,504,1512,0.34371627920616393,0.003968253968253968,0.005952380952380952,0.01984126984126984,0.07142857142857142,0.06746031746031746,3.0,0.031746031746031744,0.08134920634920635,0.047619047619047616,0.056216931216931214,0.031746031746031744
Транспорт,20261003,-20,step,ewma,0,504,1512,0.23888754062546472,0.005952380952380952,0.03373015873015873,0.1349206349206349,0.38095238095238093,0.375,3.0,0.10119047619047619,0.40476190476190477,0.11772486772486772,0.14417989417989419,0.08333333333333333
Транспорт,20261003,-20,step,cusum,0,504,1512,0.726956805704457,0.005952380952380952,0.037698412698412696,0.25992063492063494,0.6646825396825397,0.6587301587301587,3.0,0.23412698412698413,0.7043650793650794,0.26785714285714285,0.29563492063492064,0.15806878306878308
Транспорт,20261003,-20,pulse,spike,0,504,1512,0.4604638486434765,0.003968253968253968,0.003968253968253968,0.003968253968253968,0.003968253968253968,0.0,0.0,0.027777777777777776,0.02976190476190476,0.032407407407407406,0.03373015873015873,0.0026455026455026454
Транспорт,20261003,-20,pulse,rolling_3m,0,504,1512,0.34371627920616393,0.003968253968253968,0.003968253968253968,0.005952380952380952,0.005952380952380952,0.001984126984126984,0.0,0.031746031746031744,0.03373015873015873,0.047619047619047616,0.047619047619047616,0.004629629629629629
Транспорт,20261003,-20,pulse,ewma,0,504,1512,0.23888754062546472,0.005952380952380952,0.005952380952380952,0.011904761904761904,0.015873015873015872,0.00992063492063492,2.0,0.10119047619047619,0.09325396825396826,0.11772486772486772,0.11838624338624339,0.013888888888888888
Транспорт,20261003,-20,pulse,cusum,0,504,1512,0.726956805704457,0.005952380952380952,0.013888888888888888,0.021825396825396824,0.1111111111111111,0.10515873015873016,4.0,0.23412698412698413,0.26587301587301587,0.26785714285714285,0.2698412698412698,0.05357142857142857
Транспорт,20261003,-20,ramp,spike,1,504,1512,0.4604638486434765,0.0,0.0,0.003968253968253968,0.021825396825396824,0.021825396825396824,3.0,0.027777777777777776,0.03571428571428571,0.032407407407407406,0.041005291005291,0.013888888888888888
Транспорт,20261003,-20,ramp,rolling_3m,1,504,1512,0.34371627920616393,0.0,0.001984126984126984,0.007936507936507936,0.02976190476190476,0.02976190476190476,4.0,0.031746031746031744,0.047619047619047616,0.047619047619047616,0.056216931216931214,0.0205026455026455
Транспорт,20261003,-20,ramp,ewma,1,504,1512,0.23888754062546472,0.0,0.007936507936507936,0.021825396825396824,0.14087301587301587,0.14087301587301587,4.0,0.10119047619047619,0.18253968253968253,0.11772486772486772,0.14153439153439154,0.057539682539682536
Транспорт,20261003,-20,ramp,cusum,1,504,1512,0.726956805704457,0.0,0.001984126984126984,0.041666666666666664,0.3492063492063492,0.3492063492063492,4.0,0.23412698412698413,0.4583333333333333,0.26785714285714285,0.2771164021164021,0.06746031746031746
Транспорт,20261003,20,step,spike,0,504,1512,0.4604638486434765,0.023809523809523808,0.041666666666666664,0.0496031746031746,0.09325396825396826,0.06944444444444445,2.0,0.027777777777777776,0.0992063492063492,0.032407407407407406,0.03042328042328042,0.0033068783068783067
Транспорт,20261003,20,step,rolling_3m,0,504,1512,0.34371627920616393,0.003968253968253968,0.01984126984126984,0.07142857142857142,0.14682539682539683,0.14285714285714285,3.0,0.031746031746031744,0.15079365079365079,0.047619047619047616,0.03835978835978836,0.003968253968253968
Транспорт,20261003,20,step,ewma,0,504,1512,0.23888754062546472,0.027777777777777776,0.08531746031746032,0.14682539682539683,0.26587301587301587,0.23809523809523808,2.0,0.10119047619047619,0.28174603174603174,0.11772486772486772,0.11044973544973545,0.025793650793650792
Транспорт,20261003,20,step,cusum,0,504,1512,0.726956805704457,0.027777777777777776,0.0873015873015873,0.19246031746031747,0.45634920634920634,0.42857142857142855,3.0,0.23412698412698413,0.4880952380952381,0.26785714285714285,0.2804232804232804,0.08333333333333333
Транспорт,20261003,20,pulse,spike,0,504,1512,0.4604638486434765,0.023809523809523808,0.023809523809523808,0.023809523809523808,0.023809523809523808,0.0,0.0,0.027777777777777776,0.03968253968253968,0.032407407407407406,0.03306878306878307,0.0006613756613756613
Транспорт,20261003,20,pulse,rolling_3m,0,504,1512,0.34371627920616393,0.003968253968253968,0.007936507936507936,0.011904761904761904,0.011904761904761904,0.007936507936507936,1.0,0.031746031746031744,0.031746031746031744,0.047619047619047616,0.046957671957671955,0.0
Транспорт,20261003,20,pulse,ewma,0,504,1512,0.23888754062546472,0.027777777777777776,0.037698412698412696,0.047619047619047616,0.051587301587301584,0.023809523809523808,0.0,0.10119047619047619,0.1111111111111111,0.11772486772486772,0.11772486772486772,0.0026455026455026454
Транспорт,20261003,20,pulse,cusum,0,504,1512,0.726956805704457,0.027777777777777776,0.04563492063492063,0.061507936507936505,0.13690476190476192,0.10912698412698413,3.0,0.23412698412698413,0.24404761904761904,0.26785714285714285,0.26521164021164023,0.011243386243386243
Транспорт,20261003,20,ramp,spike,1,504,1512,0.4604638486434765,0.001984126984126984,0.005952380952380952,0.01984126984126984,0.057539682539682536,0.05555555555555555,3.0,0.027777777777777776,0.07539682539682539,0.032407407407407406,0.02976190476190476,0.001984126984126984
Транспорт,20261003,20,ramp,rolling_3m,1,504,1512,0.34371627920616393,0.0,0.003968253968253968,0.017857142857142856,0.07341269841269842,0.07341269841269842,4.0,0.031746031746031744,0.09325396825396826,0.047619047619047616,0.042328042328042326,0.0026455026455026454
Транспорт,20261003,20,ramp,ewma,1,504,1512,0.23888754062546472,0.0,0.02976190476190476,0.057539682539682536,0.16468253968253968,0.16468253968253968,3.0,0.10119047619047619,0.21031746031746032,0.11772486772486772,0.1111111111111111,0.013227513227513227
Транспорт,20261003,20,ramp,cusum,1,504,1512,0.726956805704457,0.003968253968253968,0.013888888888888888,0.04563492063492063,0.18253968253968253,0.17857142857142858,3.0,0.23412698412698413,0.2996031746031746,0.26785714285714285,0.26851851851851855,0.03902116402116402
Транспорт,20261004,-20,step,spike,0,504,1512,0.4604638486434765,0.007936507936507936,0.01984126984126984,0.031746031746031744,0.05357142857142857,0.04563492063492063,2.0,0.02976190476190476,0.05555555555555555,0.031746031746031744,0.03968253968253968,0.01521164021164021
Транспорт,20261004,-20,step,rolling_3m,0,504,1512,0.34371627920616393,0.003968253968253968,0.015873015873015872,0.041666666666666664,0.10912698412698413,0.10515873015873016,3.0,0.047619047619047616,0.1111111111111111,0.042328042328042326,0.051587301587301584,0.026455026455026454
Транспорт,20261004,-20,step,ewma,0,504,1512,0.23888754062546472,0.00992063492063492,0.05555555555555555,0.15674603174603174,0.39880952380952384,0.3888888888888889,3.0,0.0992063492063492,0.4146825396825397,0.11838624338624339,0.1402116402116402,0.0787037037037037
Транспорт,20261004,-20,step,cusum,0,504,1512,0.726956805704457,0.007936507936507936,0.051587301587301584,0.2698412698412698,0.6805555555555556,0.6726190476190477,3.0,0.22817460317460317,0.7242063492063492,0.2698412698412698,0.2863756613756614,0.14351851851851852
Транспорт,20261004,-20,pulse,spike,0,504,1512,0.4604638486434765,0.007936507936507936,0.007936507936507936,0.007936507936507936,0.007936507936507936,0.0,0.0,0.02976190476190476,0.03373015873015873,0.031746031746031744,0.03306878306878307,0.0033068783068783067
Транспорт,20261004,-20,pulse,rolling_3m,0,504,1512,0.34371627920616393,0.003968253968253968,0.003968253968253968,0.005952380952380952,0.005952380952380952,0.001984126984126984,0.0,0.047619047619047616,0.04563492063492063,0.042328042328042326,0.041666666666666664,0.001984126984126984
Транспорт,20261004,-20,pulse,ewma,0,504,1512,0.23888754062546472,0.00992063492063492,0.011904761904761904,0.017857142857142856,0.021825396825396824,0.011904761904761904,1.0,0.0992063492063492,0.10119047619047619,0.11838624338624339,0.11904761904761904,0.013888888888888888
Транспорт,20261004,-20,pulse,cusum,0,504,1512,0.726956805704457,0.007936507936507936,0.017857142857142856,0.03571428571428571,0.125,0.11706349206349206,4.0,0.22817460317460317,0.26587301587301587,0.2698412698412698,0.27116402116402116,0.052248677248677246
Транспорт,20261004,-20,ramp,spike,1,504,1512,0.4604638486434765,0.0,0.0,0.003968253968253968,0.021825396825396824,0.021825396825396824,3.0,0.02976190476190476,0.031746031746031744,0.031746031746031744,0.03902116402116402,0.012566137566137565
Транспорт,20261004,-20,ramp,rolling_3m,1,504,1512,0.34371627920616393,0.0,0.0,0.005952380952380952,0.037698412698412696,0.037698412698412696,4.0,0.047619047619047616,0.05555555555555555,0.042328042328042326,0.05026455026455026,0.017195767195767195
Транспорт,20261004,-20,ramp,ewma,1,504,1512,0.23888754062546472,0.003968253968253968,0.013888888888888888,0.037698412698412696,0.17857142857142858,0.1746031746031746,4.0,0.0992063492063492,0.21825396825396826,0.11838624338624339,0.1349206349206349,0.04894179894179894
Транспорт,20261004,-20,ramp,cusum,1,504,1512,0.726956805704457,0.001984126984126984,0.011904761904761904,0.04563492063492063,0.35912698412698413,0.35714285714285715,4.0,0.22817460317460317,0.48214285714285715,0.2698412698412698,0.27843915343915343,0.06349206349206349
Транспорт,20261004,20,step,spike,0,504,1512,0.4604638486434765,0.021825396825396824,0.037698412698412696,0.05357142857142857,0.10515873015873016,0.08333333333333333,2.0,0.02976190476190476,0.1130952380952381,0.031746031746031744,0.027777777777777776,0.001984126984126984
Транспорт,20261004,20,step,rolling_3m,0,504,1512,0.34371627920616393,0.007936507936507936,0.027777777777777776,0.07341269841269842,0.13690476190476192,0.12896825396825398,2.0,0.047619047619047616,0.14087301587301587,0.042328042328042326,0.03373015873015873,0.003968253968253968
Транспорт,20261004,20,step,ewma,0,504,1512,0.23888754062546472,0.023809523809523808,0.07341269841269842,0.1388888888888889,0.2777777777777778,0.25396825396825395,2.5,0.0992063492063492,0.2996031746031746,0.11838624338624339,0.10515873015873016,0.021164021164021163
Транспорт,20261004,20,step,cusum,0,504,1512,0.726956805704457,0.023809523809523808,0.07539682539682539,0.18055555555555555,0.4662698412698413,0.44246031746031744,3.0,0.22817460317460317,0.503968253968254,0.2698412698412698,0.2804232804232804,0.08267195767195767
Транспорт,20261004,20,pulse,spike,0,504,1512,0.4604638486434765,0.021825396825396824,0.021825396825396824,0.021825396825396824,0.021825396825396824,0.0,0.0,0.02976190476190476,0.04365079365079365,0.031746031746031744,0.031746031746031744,0.0
Транспорт,20261004,20,pulse,rolling_3m,0,504,1512,0.34371627920616393,0.007936507936507936,0.015873015873015872,0.01984126984126984,0.01984126984126984,0.011904761904761904,1.0,0.047619047619047616,0.047619047619047616,0.042328042328042326,0.041666666666666664,0.0
Транспорт,20261004,20,pulse,ewma,0,504,1512,0.23888754062546472,0.023809523809523808,0.025793650793650792,0.03373015873015873,0.037698412698412696,0.013888888888888888,0.0,0.0992063492063492,0.10912698412698413,0.11838624338624339,0.11838624338624339,0.0013227513227513227
Транспорт,20261004,20,pulse,cusum,0,504,1512,0.726956805704457,0.023809523809523808,0.04365079365079365,0.07142857142857142,0.1488095238095238,0.125,3.0,0.22817460317460317,0.2400793650793651,0.2698412698412698,0.26851851851851855,0.011243386243386243
Транспорт,20261004,20,ramp,spike,1,504,1512,0.4604638486434765,0.003968253968253968,0.00992063492063492,0.027777777777777776,0.05952380952380952,0.05555555555555555,3.0,0.02976190476190476,0.07142857142857142,0.031746031746031744,0.027116402116402115,0.0006613756613756613
Транспорт,20261004,20,ramp,rolling_3m,1,504,1512,0.34371627920616393,0.001984126984126984,0.005952380952380952,0.025793650793650792,0.07936507936507936,0.07738095238095238,3.0,0.047619047619047616,0.09523809523809523,0.042328042328042326,0.037698412698412696,0.001984126984126984
Транспорт,20261004,20,ramp,ewma,1,504,1512,0.23888754062546472,0.0,0.021825396825396824,0.05357142857142857,0.15873015873015872,0.15873015873015872,3.0,0.0992063492063492,0.20833333333333334,0.11838624338624339,0.10912698412698413,0.011904761904761904
Транспорт,20261004,20,ramp,cusum,1,504,1512,0.726956805704457,0.003968253968253968,0.027777777777777776,0.05357142857142857,0.20634920634920634,0.20238095238095238,3.0,0.22817460317460317,0.3055555555555556,0.2698412698412698,0.2691798941798942,0.04034391534391534
Транспорт,20261005,-20,step,spike,0,504,1512,0.4604638486434765,0.00992063492063492,0.013888888888888888,0.027777777777777776,0.0496031746031746,0.03968253968253968,2.0,0.03373015873015873,0.05952380952380952,0.03042328042328042,0.03968253968253968,0.015873015873015872
Транспорт,20261005,-20,step,rolling_3m,0,504,1512,0.34371627920616393,0.001984126984126984,0.015873015873015872,0.03373015873015873,0.10119047619047619,0.0992063492063492,3.0,0.037698412698412696,0.10912698412698413,0.04563492063492063,0.051587301587301584,0.026455026455026454
Транспорт,20261005,-20,step,ewma,0,504,1512,0.23888754062546472,0.00992063492063492,0.051587301587301584,0.16865079365079366,0.40674603174603174,0.3968253968253968,3.0,0.10714285714285714,0.4246031746031746,0.11574074074074074,0.14087301587301587,0.08002645502645503
Транспорт,20261005,-20,step,cusum,0,504,1512,0.726956805704457,0.00992063492063492,0.04365079365079365,0.2698412698412698,0.6587301587301587,0.6488095238095238,3.0,0.24603174603174602,0.7003968253968254,0.2638888888888889,0.28703703703703703,0.14616402116402116
Транспорт,20261005,-20,pulse,spike,0,504,1512,0.4604638486434765,0.00992063492063492,0.00992063492063492,0.00992063492063492,0.00992063492063492,0.0,0.0,0.03373015873015873,0.03968253968253968,0.03042328042328042,0.032407407407407406,0.005291005291005291
Транспорт,20261005,-20,pulse,rolling_3m,0,504,1512,0.34371627920616393,0.001984126984126984,0.003968253968253968,0.003968253968253968,0.003968253968253968,0.001984126984126984,0.5,0.037698412698412696,0.037698412698412696,0.04563492063492063,0.04563492063492063,0.0033068783068783067
Транспорт,20261005,-20,pulse,ewma,0,504,1512,0.23888754062546472,0.00992063492063492,0.015873015873015872,0.01984126984126984,0.021825396825396824,0.011904761904761904,1.0,0.10714285714285714,0.1111111111111111,0.11574074074074074,0.1164021164021164,0.012566137566137565
Транспорт,20261005,-20,pulse,cusum,0,504,1512,0.726956805704457,0.00992063492063492,0.021825396825396824,0.027777777777777776,0.125,0.11507936507936507,4.0,0.24603174603174602,0.2876984126984127,0.2638888888888889,0.26521164021164023,0.0496031746031746
Транспорт,20261005,-20,ramp,spike,1,504,1512,0.4604638486434765,0.0,0.0,0.001984126984126984,0.017857142857142856,0.017857142857142856,4.0,0.03373015873015873,0.02976190476190476,0.03042328042328042,0.037037037037037035,0.009259259259259259
Транспорт,20261005,-20,ramp,rolling_3m,1,504,1512,0.34371627920616393,0.0,0.0,0.003968253968253968,0.025793650793650792,0.025793650793650792,4.0,0.037698412698412696,0.041666666666666664,0.04563492063492063,0.04894179894179894,0.01521164021164021
Транспорт,20261005,-20,ramp,ewma,1,504,1512,0.23888754062546472,0.001984126984126984,0.011904761904761904,0.027777777777777776,0.1765873015873016,0.1746031746031746,4.0,0.10714285714285714,0.21626984126984128,0.11574074074074074,0.13624338624338625,0.051587301587301584
Транспорт,20261005,-20,ramp,cusum,1,504,1512,0.726956805704457,0.003968253968253968,0.00992063492063492,0.041666666666666664,0.36507936507936506,0.3611111111111111,4.0,0.24603174603174602,0.48214285714285715,0.2638888888888889,0.2757936507936508,0.06613756613756613
Транспорт,20261005,20,step,spike,0,504,1512,0.4604638486434765,0.00992063492063492,0.023809523809523808,0.04365079365079365,0.10119047619047619,0.09126984126984126,3.0,0.03373015873015873,0.1111111111111111,0.03042328042328042,0.03042328042328042,0.0033068783068783067
Транспорт,20261005,20,step,rolling_3m,0,504,1512,0.34371627920616393,0.003968253968253968,0.017857142857142856,0.06944444444444445,0.15079365079365079,0.14682539682539683,3.0,0.037698412698412696,0.15674603174603174,0.04563492063492063,0.037037037037037035,0.003968253968253968
Транспорт,20261005,20,step,ewma,0,504,1512,0.23888754062546472,0.023809523809523808,0.09126984126984126,0.15873015873015872,0.2976190476190476,0.27380952380952384,2.0,0.10714285714285714,0.3134920634920635,0.11574074074074074,0.10449735449735449,0.022486772486772486
Транспорт,20261005,20,step,cusum,0,504,1512,0.726956805704457,0.021825396825396824,0.08531746031746032,0.19642857142857142,0.47619047619047616,0.45436507936507936,3.0,0.24603174603174602,0.503968253968254,0.2638888888888889,0.2751322751322751,0.07936507936507936
Транспорт,20261005,20,pulse,spike,0,504,1512,0.4604638486434765,0.00992063492063492,0.00992063492063492,0.00992063492063492,0.00992063492063492,0.0,0.0,0.03373015873015873,0.03968253968253968,0.03042328042328042,0.031084656084656083,0.0006613756613756613
Транспорт,20261005,20,pulse,rolling_3m,0,504,1512,0.34371627920616393,0.003968253968253968,0.005952380952380952,0.013888888888888888,0.013888888888888888,0.00992063492063492,2.0,0.037698412698412696,0.03571428571428571,0.04563492063492063,0.04497354497354497,0.0
Транспорт,20261005,20,pulse,ewma,0,504,1512,0.23888754062546472,0.023809523809523808,0.03373015873015873,0.041666666666666664,0.04365079365079365,0.01984126984126984,0.0,0.10714285714285714,0.11507936507936507,0.11574074074074074,0.11574074074074074,0.001984126984126984
Транспорт,20261005,20,pulse,cusum,0,504,1512,0.726956805704457,0.021825396825396824,0.047619047619047616,0.07936507936507936,0.14484126984126985,0.12301587301587301,2.0,0.24603174603174602,0.25,0.2638888888888889,0.2612433862433862,0.011904761904761904
Транспорт,20261005,20,ramp,spike,1,504,1512,0.4604638486434765,0.003968253968253968,0.003968253968253968,0.021825396825396824,0.05952380952380952,0.05555555555555555,3.0,0.03373015873015873,0.07341269841269842,0.03042328042328042,0.0291005291005291,0.0013227513227513227
Транспорт,20261005,20,ramp,rolling_3m,1,504,1512,0.34371627920616393,0.0,0.003968253968253968,0.031746031746031744,0.09523809523809523,0.09523809523809523,3.0,0.037698412698412696,0.1111111111111111,0.04563492063492063,0.042328042328042326,0.001984126984126984
Транспорт,20261005,20,ramp,ewma,1,504,1512,0.23888754062546472,0.001984126984126984,0.023809523809523808,0.05555555555555555,0.1746031746031746,0.17261904761904762,3.0,0.10714285714285714,0.22420634920634921,0.11574074074074074,0.11044973544973545,0.016534391534391533
Транспорт,20261005,20,ramp,cusum,1,504,1512,0.726956805704457,0.003968253968253968,0.021825396825396824,0.06547619047619048,0.21825396825396826,0.21428571428571427,3.0,0.24603174603174602,0.32936507936507936,0.2638888888888889,0.2612433862433862,0.03439153439153439
Транспорт,20261006,-20,step,spike,0,504,1512,0.4604638486434765,0.013888888888888888,0.021825396825396824,0.02976190476190476,0.0496031746031746,0.03571428571428571,2.0,0.027777777777777776,0.05952380952380952,0.032407407407407406,0.03835978835978836,0.01455026455026455
Транспорт,20261006,-20,step,rolling_3m,0,504,1512,0.34371627920616393,0.005952380952380952,0.013888888888888888,0.037698412698412696,0.0873015873015873,0.08134920634920635,3.0,0.04563492063492063,0.09325396825396826,0.04298941798941799,0.052248677248677246,0.027777777777777776
Транспорт,20261006,-20,step,ewma,0,504,1512,0.23888754062546472,0.00992063492063492,0.04365079365079365,0.1349206349206349,0.38293650793650796,0.373015873015873,3.0,0.11904761904761904,0.3948412698412698,0.11177248677248677,0.1349206349206349,0.07275132275132275
Транспорт,20261006,-20,step,cusum,0,504,1512,0.726956805704457,0.005952380952380952,0.047619047619047616,0.25396825396825395,0.6468253968253969,0.6408730158730159,3.0,0.25793650793650796,0.6845238095238095,0.25992063492063494,0.27645502645502645,0.14153439153439154
Транспорт,20261006,-20,pulse,spike,0,504,1512,0.4604638486434765,0.013888888888888888,0.013888888888888888,0.013888888888888888,0.013888888888888888,0.0,0.0,0.027777777777777776,0.03968253968253968,0.032407407407407406,0.03306878306878307,0.003968253968253968
Транспорт,20261006,-20,pulse,rolling_3m,0,504,1512,0.34371627920616393,0.005952380952380952,0.00992063492063492,0.011904761904761904,0.011904761904761904,0.005952380952380952,0.5,0.04563492063492063,0.0496031746031746,0.04298941798941799,0.04298941798941799,0.001984126984126984
Транспорт,20261006,-20,pulse,ewma,0,504,1512,0.23888754062546472,0.00992063492063492,0.013888888888888888,0.017857142857142856,0.021825396825396824,0.011904761904761904,1.0,0.11904761904761904,0.1111111111111111,0.11177248677248677,0.11243386243386243,0.012566137566137565
Транспорт,20261006,-20,pulse,cusum,0,504,1512,0.726956805704457,0.005952380952380952,0.011904761904761904,0.031746031746031744,0.11706349206349206,0.1111111111111111,4.0,0.25793650793650796,0.28174603174603174,0.25992063492063494,0.2605820105820106,0.046296296296296294
Транспорт,20261006,-20,ramp,spike,1,504,1512,0.4604638486434765,0.0,0.0,0.00992063492063492,0.021825396825396824,0.021825396825396824,3.0,0.027777777777777776,0.037698412698412696,0.032407407407407406,0.037698412698412696,0.010582010582010581
Транспорт,20261006,-20,ramp,rolling_3m,1,504,1512,0.34371627920616393,0.0,0.001984126984126984,0.007936507936507936,0.03571428571428571,0.03571428571428571,4.0,0.04563492063492063,0.047619047619047616,0.04298941798941799,0.04894179894179894,0.018518518518518517
Транспорт,20261006,-20,ramp,ewma,1,504,1512,0.23888754062546472,0.001984126984126984,0.00992063492063492,0.03373015873015873,0.15079365079365079,0.1488095238095238,4.0,0.11904761904761904,0.2003968253968254,0.11177248677248677,0.12962962962962962,0.047619047619047616
Транспорт,20261006,-20,ramp,cusum,1,504,1512,0.726956805704457,0.001984126984126984,0.011904761904761904,0.03968253968253968,0.34523809523809523,0.34325396825396826,4.0,0.25793650793650796,0.4722222222222222,0.25992063492063494,0.26785714285714285,0.062169312169312166
Транспорт,20261006,20,step,spike,0,504,1512,0.4604638486434765,0.015873015873015872,0.037698412698412696,0.05555555555555555,0.1111111111111111,0.09523809523809523,2.5,0.027777777777777776,0.11706349206349206,0.032407407407407406,0.02976190476190476,0.0026455026455026454
Транспорт,20261006,20,step,rolling_3m,0,504,1512,0.34371627920616393,0.005952380952380952,0.01984126984126984,0.10317460317460317,0.16666666666666666,0.16071428571428573,2.0,0.04563492063492063,0.16865079365079366,0.04298941798941799,0.03571428571428571,0.0033068783068783067
Транспорт,20261006,20,step,ewma,0,504,1512,0.23888754062546472,0.017857142857142856,0.09523809523809523,0.1626984126984127,0.2857142857142857,0.26785714285714285,2.0,0.11904761904761904,0.2976190476190476,0.11177248677248677,0.10185185185185185,0.023809523809523808
Транспорт,20261006,20,step,cusum,0,504,1512,0.726956805704457,0.015873015873015872,0.09523809523809523,0.20833333333333334,0.4781746031746032,0.4623015873015873,3.0,0.25793650793650796,0.5119047619047619,0.25992063492063494,0.27843915343915343,0.08994708994708994
Транспорт,20261006,20,pulse,spike,0,504,1512,0.4604638486434765,0.015873015873015872,0.015873015873015872,0.015873015873015872,0.015873015873015872,0.0,0.0,0.027777777777777776,0.041666666666666664,0.032407407407407406,0.03306878306878307,0.0006613756613756613
Транспорт,20261006,20,pulse,rolling_3m,0,504,1512,0.34371627920616393,0.005952380952380952,0.007936507936507936,0.011904761904761904,0.011904761904761904,0.005952380952380952,0.5,0.04563492063492063,0.04563492063492063,0.04298941798941799,0.042328042328042326,0.0
Транспорт,20261006,20,pulse,ewma,0,504,1512,0.23888754062546472,0.017857142857142856,0.025793650793650792,0.03373015873015873,0.04365079365079365,0.025793650793650792,1.0,0.11904761904761904,0.125,0.11177248677248677,0.11177248677248677,0.0026455026455026454
Транспорт,20261006,20,pulse,cusum,0,504,1512,0.726956805704457,0.015873015873015872,0.04365079365079365,0.08333333333333333,0.15674603174603174,0.14087301587301587,2.0,0.25793650793650796,0.2757936507936508,0.25992063492063494,0.25793650793650796,0.011904761904761904
Транспорт,20261006,20,ramp,spike,1,504,1512,0.4604638486434765,0.001984126984126984,0.003968253968253968,0.027777777777777776,0.07142857142857142,0.06944444444444445,3.0,0.027777777777777776,0.08333333333333333,0.032407407407407406,0.0291005291005291,0.0013227513227513227
Транспорт,20261006,20,ramp,rolling_3m,1,504,1512,0.34371627920616393,0.0,0.0,0.017857142857142856,0.07142857142857142,0.07142857142857142,3.0,0.04563492063492063,0.09325396825396826,0.04298941798941799,0.04034391534391534,0.0006613756613756613
Транспорт,20261006,20,ramp,ewma,1,504,1512,0.23888754062546472,0.0,0.03373015873015873,0.06547619047619048,0.19047619047619047,0.19047619047619047,3.0,0.11904761904761904,0.23412698412698413,0.11177248677248677,0.10449735449735449,0.013227513227513227
Транспорт,20261006,20,ramp,cusum,1,504,1512,0.726956805704457,0.011904761904761904,0.03571428571428571,0.06746031746031746,0.20833333333333334,0.19642857142857142,3.0,0.25793650793650796,0.33134920634920634,0.25992063492063494,0.26521164021164023,0.041666666666666664
Транспорт,20261007,-20,step,spike,0,504,1512,0.4604638486434765,0.001984126984126984,0.007936507936507936,0.011904761904761904,0.031746031746031744,0.02976190476190476,3.5,0.037698412698412696,0.05357142857142857,0.0291005291005291,0.037037037037037035,0.013888888888888888
Транспорт,20261007,-20,step,rolling_3m,0,504,1512,0.34371627920616393,0.0,0.0,0.01984126984126984,0.09325396825396826,0.09325396825396826,4.0,0.0496031746031746,0.10317460317460317,0.041666666666666664,0.04894179894179894,0.025793650793650792
Транспорт,20261007,-20,step,ewma,0,504,1512,0.23888754062546472,0.0,0.041666666666666664,0.14682539682539683,0.40476190476190477,0.40476190476190477,3.0,0.14087301587301587,0.4246031746031746,0.10449735449735449,0.12764550264550265,0.0667989417989418
Транспорт,20261007,-20,step,cusum,0,504,1512,0.726956805704457,0.001984126984126984,0.03968253968253968,0.2619047619047619,0.6547619047619048,0.6527777777777778,3.0,0.26785714285714285,0.7003968253968254,0.2566137566137566,0.27380952380952384,0.13425925925925927
Транспорт,20261007,-20,pulse,spike,0,504,1512,0.4604638486434765,0.001984126984126984,0.001984126984126984,0.001984126984126984,0.001984126984126984,0.0,0.0,0.037698412698412696,0.03968253968253968,0.0291005291005291,0.03042328042328042,0.0033068783068783067
Транспорт,20261007,-20,pulse,rolling_3m,0,504,1512,0.34371627920616393,0.0,0.0,0.001984126984126984,0.001984126984126984,0.001984126984126984,2.0,0.0496031746031746,0.051587301587301584,0.041666666666666664,0.041666666666666664,0.001984126984126984
Транспорт,20261007,-20,pulse,ewma,0,504,1512,0.23888754062546472,0.0,0.0,0.003968253968253968,0.005952380952380952,0.005952380952380952,2.0,0.14087301587301587,0.12301587301587301,0.10449735449735449,0.10449735449735449,0.010582010582010581
Транспорт,20261007,-20,pulse,cusum,0,504,1512,0.726956805704457,0.001984126984126984,0.007936507936507936,0.017857142857142856,0.125,0.12301587301587301,4.0,0.26785714285714285,0.30753968253968256,0.2566137566137566,0.25727513227513227,0.04431216931216931
Транспорт,20261007,-20,ramp,spike,1,504,1512,0.4604638486434765,0.0,0.001984126984126984,0.001984126984126984,0.017857142857142856,0.017857142857142856,4.0,0.037698412698412696,0.041666666666666664,0.0291005291005291,0.03373015873015873,0.009259259259259259
Транспорт,20261007,-20,ramp,rolling_3m,1,504,1512,0.34371627920616393,0.0,0.0,0.003968253968253968,0.027777777777777776,0.027777777777777776,4.0,0.0496031746031746,0.04563492063492063,0.041666666666666664,0.047619047619047616,0.016534391534391533
Транспорт,20261007,-20,ramp,ewma,1,504,1512,0.23888754062546472,0.0,0.003968253968253968,0.013888888888888888,0.18452380952380953,0.18452380952380953,4.0,0.14087301587301587,0.2400793650793651,0.10449735449735449,0.12235449735449735,0.04431216931216931
Транспорт,20261007,-20,ramp,cusum,1,504,1512,0.726956805704457,0.0,0.005952380952380952,0.03571428571428571,0.36507936507936506,0.36507936507936506,4.0,0.26785714285714285,0.498015873015873,0.2566137566137566,0.26455026455026454,0.056878306878306875
Транспорт,20261007,20,step,spike,0,504,1512,0.4604638486434765,0.01984126984126984,0.04563492063492063,0.07539682539682539,0.14087301587301587,0.12103174603174603,2.0,0.037698412698412696,0.14682539682539683,0.0291005291005291,0.027116402116402115,0.0033068783068783067
Транспорт,20261007,20,step,rolling_3m,0,504,1512,0.34371627920616393,0.005952380952380952,0.025793650793650792,0.09722222222222222,0.19246031746031747,0.1865079365079365,2.0,0.0496031746031746,0.2003968253968254,0.041666666666666664,0.03373015873015873,0.004629629629629629
Транспорт,20261007,20,step,ewma,0,504,1512,0.23888754062546472,0.01984126984126984,0.10119047619047619,0.19246031746031747,0.3134920634920635,0.29365079365079366,2.0,0.14087301587301587,0.32936507936507936,0.10449735449735449,0.10119047619047619,0.026455026455026454
Транспорт,20261007,20,step,cusum,0,504,1512,0.726956805704457,0.025793650793650792,0.10714285714285714,0.21825396825396826,0.4603174603174603,0.43452380952380953,3.0,0.26785714285714285,0.498015873015873,0.2566137566137566,0.2671957671957672,0.08068783068783068
Транспорт,20261007,20,pulse,spike,0,504,1512,0.4604638486434765,0.01984126984126984,0.01984126984126984,0.01984126984126984,0.01984126984126984,0.0,0.0,0.037698412698412696,0.0496031746031746,0.0291005291005291,0.02976190476190476,0.0006613756613756613
Транспорт,20261007,20,pulse,rolling_3m,0,504,1512,0.34371627920616393,0.005952380952380952,0.011904761904761904,0.017857142857142856,0.017857142857142856,0.011904761904761904,1.0,0.0496031746031746,0.05357142857142857,0.041666666666666664,0.041005291005291,0.0
Транспорт,20261007,20,pulse,ewma,0,504,1512,0.23888754062546472,0.01984126984126984,0.02976190476190476,0.04365079365079365,0.051587301587301584,0.031746031746031744,1.0,0.14087301587301587,0.1488095238095238,0.10449735449735449,0.10449735449735449,0.001984126984126984
Транспорт,20261007,20,pulse,cusum,0,504,1512,0.726956805704457,0.025793650793650792,0.05555555555555555,0.0873015873015873,0.1746031746031746,0.1488095238095238,2.5,0.26785714285714285,0.2837301587301587,0.2566137566137566,0.2526455026455027,0.013888888888888888
Транспорт,20261007,20,ramp,spike,1,504,1512,0.4604638486434765,0.003968253968253968,0.005952380952380952,0.04365079365079365,0.0873015873015873,0.08333333333333333,2.5,0.037698412698412696,0.09722222222222222,0.0291005291005291,0.025793650793650792,0.0013227513227513227
Транспорт,20261007,20,ramp,rolling_3m,1,504,1512,0.34371627920616393,0.0,0.003968253968253968,0.03571428571428571,0.10515873015873016,0.10515873015873016,3.0,0.0496031746031746,0.12698412698412698,0.041666666666666664,0.03902116402116402,0.001984126984126984
Транспорт,20261007,20,ramp,ewma,1,504,1512,0.23888754062546472,0.001984126984126984,0.03968253968253968,0.07936507936507936,0.21031746031746032,0.20833333333333334,3.0,0.14087301587301587,0.25595238095238093,0.10449735449735449,0.10119047619047619,0.01455026455026455
Транспорт,20261007,20,ramp,cusum,1,504,1512,0.726956805704457,0.007936507936507936,0.03373015873015873,0.07936507936507936,0.2222222222222222,0.21428571428571427,3.0,0.26785714285714285,0.3412698412698413,0.2566137566137566,0.2585978835978836,0.03902116402116402
Транспорт,20261008,-20,step,spike,0,504,1512,0.4604638486434765,0.013888888888888888,0.027777777777777776,0.04563492063492063,0.06944444444444445,0.05555555555555555,2.0,0.031746031746031744,0.07936507936507936,0.031084656084656083,0.04034391534391534,0.017195767195767195
Транспорт,20261008,-20,step,rolling_3m,0,504,1512,0.34371627920616393,0.0,0.021825396825396824,0.047619047619047616,0.12103174603174603,0.12103174603174603,3.0,0.04563492063492063,0.125,0.04298941798941799,0.05026455026455026,0.023148148148148147
Транспорт,20261008,-20,step,ewma,0,504,1512,0.23888754062546472,0.015873015873015872,0.05555555555555555,0.1865079365079365,0.39880952380952384,0.38293650793650796,3.0,0.11706349206349206,0.4166666666666667,0.11243386243386243,0.13558201058201058,0.06812169312169312
Транспорт,20261008,-20,step,cusum,0,504,1512,0.726956805704457,0.007936507936507936,0.057539682539682536,0.30357142857142855,0.6746031746031746,0.6666666666666666,3.0,0.27976190476190477,0.7142857142857143,0.2526455026455027,0.27116402116402116,0.12764550264550265
Транспорт,20261008,-20,pulse,spike,0,504,1512,0.4604638486434765,0.013888888888888888,0.013888888888888888,0.013888888888888888,0.013888888888888888,0.0,0.0,0.031746031746031744,0.04563492063492063,0.031084656084656083,0.03306878306878307,0.004629629629629629
Транспорт,20261008,-20,pulse,rolling_3m,0,504,1512,0.34371627920616393,0.0,0.00992063492063492,0.00992063492063492,0.00992063492063492,0.00992063492063492,1.0,0.04563492063492063,0.04563492063492063,0.04298941798941799,0.04365079365079365,0.0026455026455026454
Транспорт,20261008,-20,pulse,ewma,0,504,1512,0.23888754062546472,0.015873015873015872,0.021825396825396824,0.027777777777777776,0.031746031746031744,0.015873015873015872,0.5,0.11706349206349206,0.12896825396825398,0.11243386243386243,0.11441798941798942,0.013888888888888888
Транспорт,20261008,-20,pulse,cusum,0,504,1512,0.726956805704457,0.007936507936507936,0.023809523809523808,0.03968253968253968,0.13690476190476192,0.12896825396825398,3.0,0.27976190476190477,0.30158730158730157,0.2526455026455027,0.251984126984127,0.046957671957671955
Транспорт,20261008,-20,ramp,spike,1,504,1512,0.4604638486434765,0.001984126984126984,0.003968253968253968,0.00992063492063492,0.027777777777777776,0.025793650793650792,3.5,0.031746031746031744,0.041666666666666664,0.031084656084656083,0.03835978835978836,0.011243386243386243
Транспорт,20261008,-20,ramp,rolling_3m,1,504,1512,0.34371627920616393,0.0,0.0,0.011904761904761904,0.041666666666666664,0.041666666666666664,4.0,0.04563492063492063,0.05555555555555555,0.04298941798941799,0.0496031746031746,0.016534391534391533
Транспорт,20261008,-20,ramp,ewma,1,504,1512,0.23888754062546472,0.003968253968253968,0.017857142857142856,0.031746031746031744,0.17857142857142858,0.1746031746031746,4.0,0.11706349206349206,0.22817460317460317,0.11243386243386243,0.12896825396825398,0.04828042328042328
Транспорт,20261008,-20,ramp,cusum,1,504,1512,0.726956805704457,0.003968253968253968,0.007936507936507936,0.0496031746031746,0.3373015873015873,0.3333333333333333,4.0,0.27976190476190477,0.47023809523809523,0.2526455026455027,0.25595238095238093,0.051587301587301584
Транспорт,20261008,20,step,spike,0,504,1512,0.4604638486434765,0.013888888888888888,0.031746031746031744,0.0496031746031746,0.1130952380952381,0.0992063492063492,3.0,0.031746031746031744,0.12301587301587301,0.031084656084656083,0.0291005291005291,0.0013227513227513227
Транспорт,20261008,20,step,rolling_3m,0,504,1512,0.34371627920616393,0.001984126984126984,0.01984126984126984,0.07341269841269842,0.16071428571428573,0.15873015873015872,3.0,0.04563492063492063,0.17063492063492064,0.04298941798941799,0.036375661375661374,0.0026455026455026454
Транспорт,20261008,20,step,ewma,0,504,1512,0.23888754062546472,0.025793650793650792,0.09325396825396826,0.16666666666666666,0.27380952380952384,0.24801587301587302,2.0,0.11706349206349206,0.2896825396825397,0.11243386243386243,0.10185185185185185,0.021825396825396824
Транспорт,20261008,20,step,cusum,0,504,1512,0.726956805704457,0.017857142857142856,0.09126984126984126,0.19642857142857142,0.4603174603174603,0.44246031746031744,3.0,0.27976190476190477,0.501984126984127,0.2526455026455027,0.27116402116402116,0.08664021164021164
Транспорт,20261008,20,pulse,spike,0,504,1512,0.4604638486434765,0.013888888888888888,0.013888888888888888,0.013888888888888888,0.013888888888888888,0.0,0.0,0.031746031746031744,0.041666666666666664,0.031084656084656083,0.031084656084656083,0.0
Транспорт,20261008,20,pulse,rolling_3m,0,504,1512,0.34371627920616393,0.001984126984126984,0.001984126984126984,0.003968253968253968,0.003968253968253968,0.001984126984126984,1.0,0.04563492063492063,0.041666666666666664,0.04298941798941799,0.04298941798941799,0.0
Транспорт,20261008,20,pulse,ewma,0,504,1512,0.23888754062546472,0.025793650793650792,0.03571428571428571,0.03968253968253968,0.047619047619047616,0.021825396825396824,0.0,0.11706349206349206,0.12896825396825398,0.11243386243386243,0.11243386243386243,0.0013227513227513227
Транспорт,20261008,20,pulse,cusum,0,504,1512,0.726956805704457,0.017857142857142856,0.047619047619047616,0.07936507936507936,0.17063492063492064,0.1527777777777778,3.0,0.27976190476190477,0.2896825396825397,0.2526455026455027,0.2533068783068783,0.013888888888888888
Транспорт,20261008,20,ramp,spike,1,504,1512,0.4604638486434765,0.001984126984126984,0.001984126984126984,0.025793650793650792,0.07738095238095238,0.07539682539682539,3.0,0.031746031746031744,0.08928571428571429,0.031084656084656083,0.0291005291005291,0.0013227513227513227
Транспорт,20261008,20,ramp,rolling_3m,1,504,1512,0.34371627920616393,0.0,0.001984126984126984,0.027777777777777776,0.08928571428571429,0.08928571428571429,3.0,0.04563492063492063,0.1111111111111111,0.04298941798941799,0.04034391534391534,0.0013227513227513227
Транспорт,20261008,20,ramp,ewma,1,504,1512,0.23888754062546472,0.003968253968253968,0.021825396825396824,0.05952380952380952,0.17857142857142858,0.1746031746031746,3.0,0.11706349206349206,0.22817460317460317,0.11243386243386243,0.10515873015873016,0.01455026455026455
Транспорт,20261008,20,ramp,cusum,1,504,1512,0.726956805704457,0.00992063492063492,0.031746031746031744,0.07341269841269842,0.2222222222222222,0.2123015873015873,3.0,0.27976190476190477,0.33134920634920634,0.2526455026455027,0.2605820105820106,0.042328042328042326
Транспорт,20261009,-20,step,spike,0,504,1512,0.4604638486434765,0.001984126984126984,0.011904761904761904,0.027777777777777776,0.06349206349206349,0.061507936507936505,3.0,0.041666666666666664,0.07539682539682539,0.027777777777777776,0.03439153439153439,0.013227513227513227
Транспорт,20261009,-20,step,rolling_3m,0,504,1512,0.34371627920616393,0.001984126984126984,0.007936507936507936,0.02976190476190476,0.10515873015873016,0.10317460317460317,3.0,0.04563492063492063,0.11507936507936507,0.04298941798941799,0.051587301587301584,0.027116402116402115
Транспорт,20261009,-20,step,ewma,0,504,1512,0.23888754062546472,0.005952380952380952,0.0496031746031746,0.18253968253968253,0.4146825396825397,0.4087301587301587,3.0,0.12301587301587301,0.43452380952380953,0.11044973544973545,0.13161375661375663,0.06746031746031746
Транспорт,20261009,-20,step,cusum,0,504,1512,0.726956805704457,0.005952380952380952,0.03968253968253968,0.28174603174603174,0.6666666666666666,0.6607142857142857,3.0,0.2777777777777778,0.7063492063492064,0.2533068783068783,0.2691798941798942,0.12896825396825398
Транспорт,20261009,-20,pulse,spike,0,504,1512,0.4604638486434765,0.001984126984126984,0.001984126984126984,0.001984126984126984,0.001984126984126984,0.0,0.0,0.041666666666666664,0.04365079365079365,0.027777777777777776,0.028439153439153438,0.0033068783068783067
Транспорт,20261009,-20,pulse,rolling_3m,0,504,1512,0.34371627920616393,0.001984126984126984,0.001984126984126984,0.001984126984126984,0.001984126984126984,0.0,0.0,0.04563492063492063,0.04365079365079365,0.04298941798941799,0.04298941798941799,0.0026455026455026454
Транспорт,20261009,-20,pulse,ewma,0,504,1512,0.23888754062546472,0.005952380952380952,0.005952380952380952,0.011904761904761904,0.013888888888888888,0.007936507936507936,2.0,0.12301587301587301,0.11904761904761904,0.11044973544973545,0.11044973544973545,0.011904761904761904
Транспорт,20261009,-20,pulse,cusum,0,504,1512,0.726956805704457,0.005952380952380952,0.011904761904761904,0.025793650793650792,0.13293650793650794,0.12698412698412698,4.0,0.2777777777777778,0.30952380952380953,0.2533068783068783,0.2552910052910053,0.04365079365079365
Транспорт,20261009,-20,ramp,spike,1,504,1512,0.4604638486434765,0.0,0.001984126984126984,0.003968253968253968,0.021825396825396824,0.021825396825396824,4.0,0.041666666666666664,0.04365079365079365,0.027777777777777776,0.03373015873015873,0.00992063492063492
Транспорт,20261009,-20,ramp,rolling_3m,1,504,1512,0.34371627920616393,0.0,0.0,0.005952380952380952,0.03968253968253968,0.03968253968253968,4.0,0.04563492063492063,0.05952380952380952,0.04298941798941799,0.0496031746031746,0.01917989417989418
Транспорт,20261009,-20,ramp,ewma,1,504,1512,0.23888754062546472,0.0,0.007936507936507936,0.03968253968253968,0.19047619047619047,0.19047619047619047,4.0,0.12301587301587301,0.2361111111111111,0.11044973544973545,0.12566137566137567,0.04563492063492063
Транспорт,20261009,-20,ramp,cusum,1,504,1512,0.726956805704457,0.0,0.007936507936507936,0.05555555555555555,0.36706349206349204,0.36706349206349204,3.0,0.2777777777777778,0.49603174603174605,0.2533068783068783,0.2638888888888889,0.0582010582010582
Транспорт,20261009,20,step,spike,0,504,1512,0.4604638486434765,0.015873015873015872,0.03571428571428571,0.05952380952380952,0.1130952380952381,0.09722222222222222,2.0,0.041666666666666664,0.12896825396825398,0.027777777777777776,0.026455026455026454,0.0033068783068783067
Транспорт,20261009,20,step,rolling_3m,0,504,1512,0.34371627920616393,0.005952380952380952,0.015873015873015872,0.08531746031746032,0.1626984126984127,0.15674603174603174,2.0,0.04563492063492063,0.16865079365079366,0.04298941798941799,0.03439153439153439,0.005291005291005291
Транспорт,20261009,20,step,ewma,0,504,1512,0.23888754062546472,0.01984126984126984,0.08333333333333333,0.16666666666666666,0.29365079365079366,0.27380952380952384,2.0,0.12301587301587301,0.31547619047619047,0.11044973544973545,0.10449735449735449,0.02447089947089947
Транспорт,20261009,20,step,cusum,0,504,1512,0.726956805704457,0.015873015873015872,0.09126984126984126,0.2123015873015873,0.46825396825396826,0.4523809523809524,3.0,0.2777777777777778,0.5099206349206349,0.2533068783068783,0.2671957671957672,0.08134920634920635
Транспорт,20261009,20,pulse,spike,0,504,1512,0.4604638486434765,0.015873015873015872,0.015873015873015872,0.015873015873015872,0.015873015873015872,0.0,0.0,0.041666666666666664,0.05357142857142857,0.027777777777777776,0.028439153439153438,0.0006613756613756613
Транспорт,20261009,20,pulse,rolling_3m,0,504,1512,0.34371627920616393,0.005952380952380952,0.005952380952380952,0.017857142857142856,0.017857142857142856,0.011904761904761904,2.0,0.04563492063492063,0.047619047619047616,0.04298941798941799,0.042328042328042326,0.0
Транспорт,20261009,20,pulse,ewma,0,504,1512,0.23888754062546472,0.01984126984126984,0.02976190476190476,0.041666666666666664,0.05357142857142857,0.03373015873015873,1.0,0.12301587301587301,0.13293650793650794,0.11044973544973545,0.11044973544973545,0.001984126984126984
Транспорт,20261009,20,pulse,cusum,0,504,1512,0.726956805704457,0.015873015873015872,0.041666666666666664,0.07341269841269842,0.17063492063492064,0.15476190476190477,3.0,0.2777777777777778,0.2896825396825397,0.2533068783068783,0.25132275132275134,0.013227513227513227
Транспорт,20261009,20,ramp,spike,1,504,1512,0.4604638486434765,0.001984126984126984,0.005952380952380952,0.025793650793650792,0.05952380952380952,0.057539682539682536,3.0,0.041666666666666664,0.07936507936507936,0.027777777777777776,0.02513227513227513,0.0013227513227513227
Транспорт,20261009,20,ramp,rolling_3m,1,504,1512,0.34371627920616393,0.0,0.003968253968253968,0.017857142857142856,0.09126984126984126,0.09126984126984126,3.0,0.04563492063492063,0.11507936507936507,0.04298941798941799,0.03835978835978836,0.001984126984126984
Транспорт,20261009,20,ramp,ewma,1,504,1512,0.23888754062546472,0.003968253968253968,0.02976190476190476,0.06547619047619048,0.1765873015873016,0.17261904761904762,3.0,0.12301587301587301,0.23015873015873015,0.11044973544973545,0.10582010582010581,0.01455026455026455
Транспорт,20261009,20,ramp,cusum,1,504,1512,0.726956805704457,0.007936507936507936,0.027777777777777776,0.07539682539682539,0.21825396825396826,0.21031746031746032,3.0,0.2777777777777778,0.3353174603174603,0.2533068783068783,0.25727513227513227,0.03571428571428571
Транспорт,20261010,-20,step,spike,0,504,1512,0.4604638486434765,0.013888888888888888,0.023809523809523808,0.025793650793650792,0.04365079365079365,0.02976190476190476,1.0,0.03571428571428571,0.051587301587301584,0.02976190476190476,0.037037037037037035,0.015873015873015872
Транспорт,20261010,-20,step,rolling_3m,0,504,1512,0.34371627920616393,0.001984126984126984,0.017857142857142856,0.03571428571428571,0.0873015873015873,0.08531746031746032,3.0,0.051587301587301584,0.0992063492063492,0.041005291005291,0.04828042328042328,0.025793650793650792
Транспорт,20261010,-20,step,ewma,0,504,1512,0.23888754062546472,0.013888888888888888,0.05555555555555555,0.18452380952380953,0.40476190476190477,0.39087301587301587,3.0,0.11904761904761904,0.4246031746031746,0.11177248677248677,0.13558201058201058,0.06944444444444445
Транспорт,20261010,-20,step,cusum,0,504,1512,0.726956805704457,0.013888888888888888,0.0496031746031746,0.2916666666666667,0.6686507936507936,0.6547619047619048,3.0,0.25,0.7162698412698413,0.26256613756613756,0.27645502645502645,0.1335978835978836
Транспорт,20261010,-20,pulse,spike,0,504,1512,0.4604638486434765,0.013888888888888888,0.013888888888888888,0.013888888888888888,0.013888888888888888,0.0,0.0,0.03571428571428571,0.047619047619047616,0.02976190476190476,0.03042328042328042,0.003968253968253968
Транспорт,20261010,-20,pulse,rolling_3m,0,504,1512,0.34371627920616393,0.001984126984126984,0.005952380952380952,0.007936507936507936,0.007936507936507936,0.005952380952380952,1.0,0.051587301587301584,0.05357142857142857,0.041005291005291,0.041005291005291,0.001984126984126984
Транспорт,20261010,-20,pulse,ewma,0,504,1512,0.23888754062546472,0.013888888888888888,0.01984126984126984,0.01984126984126984,0.01984126984126984,0.005952380952380952,0.0,0.11904761904761904,0.11706349206349206,0.11177248677248677,0.11375661375661375,0.01455026455026455
Транспорт,20261010,-20,pulse,cusum,0,504,1512,0.726956805704457,0.013888888888888888,0.01984126984126984,0.031746031746031744,0.13095238095238096,0.11706349206349206,4.0,0.25,0.2857142857142857,0.26256613756613756,0.26256613756613756,0.05026455026455026
Транспорт,20261010,-20,ramp,spike,1,504,1512,0.4604638486434765,0.0,0.0,0.003968253968253968,0.021825396825396824,0.021825396825396824,3.0,0.03571428571428571,0.037698412698412696,0.02976190476190476,0.036375661375661374,0.011243386243386243
Транспорт,20261010,-20,ramp,rolling_3m,1,504,1512,0.34371627920616393,0.0,0.0,0.001984126984126984,0.01984126984126984,0.01984126984126984,4.0,0.051587301587301584,0.0496031746031746,0.041005291005291,0.046296296296296294,0.017857142857142856
Транспорт,20261010,-20,ramp,ewma,1,504,1512,0.23888754062546472,0.001984126984126984,0.007936507936507936,0.025793650793650792,0.16468253968253968,0.1626984126984127,4.0,0.11904761904761904,0.21825396825396826,0.11177248677248677,0.13095238095238096,0.04828042328042328
Транспорт,20261010,-20,ramp,cusum,1,504,1512,0.726956805704457,0.0,0.005952380952380952,0.037698412698412696,0.34325396825396826,0.34325396825396826,4.0,0.25,0.47619047619047616,0.26256613756613756,0.26851851851851855,0.06349206349206349
Транспорт,20261010,20,step,spike,0,504,1512,0.4604638486434765,0.013888888888888888,0.025793650793650792,0.051587301587301584,0.10714285714285714,0.09325396825396826,3.0,0.03571428571428571,0.11904761904761904,0.02976190476190476,0.027777777777777776,0.0026455026455026454
Транспорт,20261010,20,step,rolling_3m,0,504,1512,0.34371627920616393,0.003968253968253968,0.013888888888888888,0.07936507936507936,0.15873015873015872,0.15476190476190477,2.5,0.051587301587301584,0.16865079365079366,0.041005291005291,0.03373015873015873,0.005291005291005291
Транспорт,20261010,20,step,ewma,0,504,1512,0.23888754062546472,0.01984126984126984,0.10317460317460317,0.1488095238095238,0.2896825396825397,0.2698412698412698,2.0,0.11904761904761904,0.30952380952380953,0.11177248677248677,0.10383597883597884,0.026455026455026454
Транспорт,20261010,20,step,cusum,0,504,1512,0.726956805704457,0.013888888888888888,0.10515873015873016,0.19642857142857142,0.4603174603174603,0.44642857142857145,3.0,0.25,0.503968253968254,0.26256613756613756,0.2777777777777778,0.08664021164021164
Транспорт,20261010,20,pulse,spike,0,504,1512,0.4604638486434765,0.013888888888888888,0.013888888888888888,0.013888888888888888,0.013888888888888888,0.0,0.0,0.03571428571428571,0.04365079365079365,0.02976190476190476,0.03042328042328042,0.0006613756613756613
Транспорт,20261010,20,pulse,rolling_3m,0,504,1512,0.34371627920616393,0.003968253968253968,0.007936507936507936,0.013888888888888888,0.013888888888888888,0.00992063492063492,1.0,0.051587301587301584,0.057539682539682536,0.041005291005291,0.04034391534391534,0.0
Транспорт,20261010,20,pulse,ewma,0,504,1512,0.23888754062546472,0.01984126984126984,0.02976190476190476,0.03968253968253968,0.047619047619047616,0.027777777777777776,1.0,0.11904761904761904,0.125,0.11177248677248677,0.11177248677248677,0.0026455026455026454
Транспорт,20261010,20,pulse,cusum,0,504,1512,0.726956805704457,0.013888888888888888,0.05357142857142857,0.0873015873015873,0.15674603174603174,0.14285714285714285,2.0,0.25,0.2698412698412698,0.26256613756613756,0.25992063492063494,0.013888888888888888
Транспорт,20261010,20,ramp,spike,1,504,1512,0.4604638486434765,0.001984126984126984,0.007936507936507936,0.025793650793650792,0.06547619047619048,0.06349206349206349,3.0,0.03571428571428571,0.08134920634920635,0.02976190476190476,0.026455026455026454,0.0006613756613756613
Транспорт,20261010,20,ramp,rolling_3m,1,504,1512,0.34371627920616393,0.0,0.005952380952380952,0.02976190476190476,0.08928571428571429,0.08928571428571429,3.0,0.051587301587301584,0.11706349206349206,0.041005291005291,0.037037037037037035,0.001984126984126984
Транспорт,20261010,20,ramp,ewma,1,504,1512,0.23888754062546472,0.001984126984126984,0.02976190476190476,0.061507936507936505,0.16865079365079366,0.16666666666666666,3.0,0.11904761904761904,0.2261904761904762,0.11177248677248677,0.10582010582010581,0.013888888888888888
Транспорт,20261010,20,ramp,cusum,1,504,1512,0.726956805704457,0.003968253968253968,0.03373015873015873,0.06547619047619048,0.21626984126984128,0.2123015873015873,3.0,0.25,0.34523809523809523,0.26256613756613756,0.26587301587301587,0.04034391534391534
